13.9683	-93.6167
13.9672	-93.6145
13.9661	-93.6123
13.9651	-93.6104
13.9642	-93.6086
13.9633	-93.6067
13.9624	-93.6048
13.9615	-93.603
13.9606	-93.6011
13.9597	-93.5992
13.9588	-93.5974
13.9579	-93.5955
13.957	-93.5937
13.9561	-93.5918
13.9552	-93.5899
13.9543	-93.5881
13.9534	-93.5862
13.9525	-93.5843
13.9516	-93.5825
13.9507	-93.5806
13.9498	-93.5787
13.9489	-93.5769
13.948	-93.575
13.9471	-93.5731
13.9462	-93.5713
13.9453	-93.5694
13.9444	-93.5675
13.9434	-93.5657
13.9425	-93.5638
13.9416	-93.562
13.9407	-93.5601
13.9398	-93.5582
13.9389	-93.5564
13.938	-93.5545
13.9371	-93.5526
13.9362	-93.5508
13.9353	-93.5489
13.9344	-93.547
13.9335	-93.5452
13.9326	-93.5433
13.9317	-93.5414
13.9308	-93.5396
13.9299	-93.5377
13.929	-93.5358
13.9281	-93.534
13.9272	-93.5321
13.9263	-93.5303
13.9254	-93.5284
13.9245	-93.5265
13.9235	-93.5247
13.9226	-93.5228
13.9217	-93.5209
13.9208	-93.5191
13.9199	-93.5172
13.919	-93.5153
13.9181	-93.5135
13.9172	-93.5116
13.9163	-93.5097
13.9154	-93.5079
13.9145	-93.506
13.9136	-93.5042
13.9127	-93.5023
13.9118	-93.5004
13.9109	-93.4986
13.91	-93.4967
13.9091	-93.4948
13.9082	-93.493
13.9073	-93.4911
13.9064	-93.4892
13.9054	-93.4874
13.9045	-93.4855
13.9036	-93.4836
13.9027	-93.4818
13.9018	-93.4799
13.9009	-93.4781
13.9	-93.4762
13.8991	-93.4743
13.8982	-93.4725
13.8973	-93.4706
13.8964	-93.4687
13.8955	-93.4669
13.8946	-93.465
13.8937	-93.4631
13.8928	-93.4613
13.8919	-93.4594
13.891	-93.4576
13.8901	-93.4557
13.8892	-93.4538
13.8882	-93.452
13.8873	-93.4501
13.8864	-93.4482
13.8855	-93.4464
13.8846	-93.4445
13.8837	-93.4426
13.8828	-93.4408
13.8819	-93.4389
13.881	-93.4371
13.8801	-93.4352
13.8792	-93.4333
13.8783	-93.4315
13.8774	-93.4296
13.8765	-93.4277
13.8752	-93.4252
13.874	-93.4226
13.8727	-93.42
13.8715	-93.4174
13.8702	-93.4149
13.869	-93.4123
13.8677	-93.4097
13.8665	-93.4071
13.8652	-93.4046
13.864	-93.402
13.8627	-93.3994
13.8615	-93.3968
13.8602	-93.3942
13.859	-93.3917
13.8577	-93.3891
13.8565	-93.3865
13.8552	-93.3839
13.854	-93.3814
13.8527	-93.3788
13.8515	-93.3762
13.8503	-93.3736
13.849	-93.3711
13.8478	-93.3685
13.8465	-93.3659
13.8453	-93.3633
13.844	-93.3608
13.8428	-93.3582
13.8415	-93.3556
13.8403	-93.353
13.839	-93.3505
13.8378	-93.3479
13.8365	-93.3453
13.8353	-93.3427
13.834	-93.3402
13.8328	-93.3376
13.8315	-93.335
13.8303	-93.3324
13.829	-93.3299
13.8278	-93.3273
13.8265	-93.3247
13.8253	-93.3221
13.824	-93.3196
13.8228	-93.317
13.8215	-93.3144
13.8203	-93.3118
13.819	-93.3093
13.8178	-93.3067
13.8165	-93.3041
13.8153	-93.3015
13.814	-93.299
13.8128	-93.2964
13.8115	-93.2938
13.8103	-93.2912
13.809	-93.2887
13.8078	-93.2861
13.8065	-93.2835
13.8053	-93.281
13.804	-93.2784
13.8028	-93.2758
13.8015	-93.2732
13.8003	-93.2707
13.799	-93.2681
13.7978	-93.2655
13.7965	-93.2629
13.7953	-93.2604
13.794	-93.2578
13.7928	-93.2552
13.7915	-93.2526
13.7903	-93.2501
13.789	-93.2475
13.7878	-93.2449
13.7865	-93.2423
13.7853	-93.2398
13.784	-93.2372
13.7827	-93.2346
13.7815	-93.232
13.7802	-93.2295
13.779	-93.2269
13.7777	-93.2243
13.7765	-93.2217
13.7752	-93.2192
13.774	-93.2166
13.7727	-93.214
13.7715	-93.2115
13.7702	-93.2089
13.769	-93.2063
13.7677	-93.2037
13.7665	-93.2012
13.7652	-93.1986
13.764	-93.196
13.7627	-93.1934
13.7615	-93.1909
13.7602	-93.1883
13.759	-93.1857
13.7577	-93.1831
13.7565	-93.1806
13.7552	-93.178
13.754	-93.1754
13.7527	-93.1729
13.7515	-93.1702
13.7502	-93.1676
13.749	-93.165
13.7477	-93.1624
13.7465	-93.1598
13.7452	-93.1571
13.744	-93.1545
13.7427	-93.1519
13.7415	-93.1493
13.7402	-93.1466
13.739	-93.144
13.7377	-93.1414
13.7365	-93.1388
13.7352	-93.1362
13.734	-93.1335
13.7327	-93.1309
13.7315	-93.1283
13.7302	-93.1257
13.729	-93.1231
13.7277	-93.1205
13.7265	-93.1178
13.7252	-93.1152
13.724	-93.1126
13.7227	-93.11
13.7215	-93.1074
13.7202	-93.1047
13.719	-93.1021
13.7177	-93.0995
13.7165	-93.0969
13.7152	-93.0943
13.714	-93.0916
13.7127	-93.089
13.7115	-93.0864
13.7102	-93.0838
13.709	-93.0812
13.7077	-93.0785
13.7065	-93.0759
13.7052	-93.0733
13.704	-93.0707
13.7027	-93.0681
13.7015	-93.0654
13.7002	-93.0628
13.699	-93.0602
13.6977	-93.0576
13.6965	-93.055
13.6952	-93.0523
13.694	-93.0497
13.6927	-93.0471
13.6915	-93.0445
13.6902	-93.0419
13.689	-93.0393
13.6877	-93.0366
13.6865	-93.034
13.6852	-93.0314
13.684	-93.0288
13.6827	-93.0262
13.6815	-93.0235
13.6802	-93.0209
13.679	-93.0183
13.6777	-93.0157
13.6765	-93.0131
13.6752	-93.0104
13.674	-93.0078
13.6727	-93.0052
13.6715	-93.0026
13.6702	-93
13.669	-92.9974
13.6677	-92.9947
13.6665	-92.9921
13.6652	-92.9895
13.664	-92.9869
13.6627	-92.9843
13.6614	-92.9816
13.6602	-92.979
13.6589	-92.9764
13.6577	-92.9738
13.6564	-92.9712
13.6552	-92.9685
13.6539	-92.9659
13.6527	-92.9633
13.6514	-92.9607
13.6502	-92.9581
13.6489	-92.9555
13.6477	-92.9528
13.6464	-92.9502
13.6452	-92.9476
13.6439	-92.945
13.6427	-92.9424
13.6414	-92.9398
13.6402	-92.9371
13.6389	-92.9345
13.6377	-92.9319
13.6364	-92.9293
13.6352	-92.9267
13.6339	-92.924
13.6327	-92.9214
13.6314	-92.9188
13.6302	-92.9162
13.6289	-92.9136
13.6274	-92.9109
13.6258	-92.9082
13.6242	-92.9056
13.6227	-92.9029
13.6211	-92.9002
13.6196	-92.8976
13.618	-92.8949
13.6165	-92.8923
13.6149	-92.8896
13.6134	-92.8869
13.6118	-92.8843
13.6103	-92.8816
13.6087	-92.8789
13.6072	-92.8763
13.6056	-92.8736
13.6041	-92.8709
13.6025	-92.8683
13.601	-92.8656
13.5994	-92.8629
13.5979	-92.8603
13.5963	-92.8576
13.5948	-92.855
13.5932	-92.8523
13.5916	-92.8496
13.5901	-92.847
13.5885	-92.8443
13.587	-92.8416
13.5854	-92.839
13.5839	-92.8363
13.5823	-92.8336
13.5808	-92.831
13.5792	-92.8283
13.5777	-92.8256
13.5761	-92.823
13.5746	-92.8203
13.573	-92.8177
13.5715	-92.815
13.5699	-92.8123
13.5684	-92.8097
13.5668	-92.807
13.5652	-92.8043
13.5637	-92.8017
13.5621	-92.799
13.5606	-92.7963
13.559	-92.7937
13.5575	-92.791
13.5559	-92.7884
13.5544	-92.7857
13.5528	-92.783
13.5513	-92.7804
13.5497	-92.7777
13.5482	-92.775
13.5466	-92.7724
13.545	-92.7697
13.5435	-92.767
13.5419	-92.7644
13.5404	-92.7617
13.5388	-92.7591
13.5373	-92.7564
13.5357	-92.7537
13.5342	-92.7511
13.5326	-92.7484
13.5311	-92.7457
13.5295	-92.7431
13.528	-92.7404
13.5264	-92.7378
13.5248	-92.7351
13.5233	-92.7324
13.5217	-92.7298
13.5202	-92.7271
13.5186	-92.7244
13.5171	-92.7218
13.5155	-92.7191
13.514	-92.7165
13.5124	-92.7138
13.5109	-92.7111
13.5093	-92.7085
13.5078	-92.7058
13.5062	-92.7031
13.5046	-92.7005
13.5031	-92.6978
13.5015	-92.6952
13.5	-92.6925
13.4984	-92.6898
13.4969	-92.6872
13.4953	-92.6845
13.4938	-92.6818
13.4922	-92.6792
13.4907	-92.6765
13.4891	-92.6739
13.4875	-92.6712
13.486	-92.6685
13.4844	-92.6659
13.4829	-92.6632
13.4813	-92.6605
13.4798	-92.6579
13.4782	-92.6552
13.4767	-92.6526
13.4751	-92.6499
13.4733	-92.6463
13.4716	-92.6426
13.4698	-92.639
13.468	-92.6353
13.4663	-92.6317
13.4645	-92.628
13.4627	-92.6244
13.461	-92.6208
13.4592	-92.6171
13.4574	-92.6135
13.4557	-92.6098
13.4539	-92.6062
13.4521	-92.6026
13.4503	-92.5989
13.4486	-92.5953
13.4468	-92.5916
13.445	-92.588
13.4433	-92.5843
13.4415	-92.5807
13.4397	-92.5771
13.438	-92.5734
13.4362	-92.5698
13.4344	-92.5661
13.4327	-92.5625
13.4309	-92.5589
13.4291	-92.5552
13.4274	-92.5516
13.4256	-92.5479
13.4238	-92.5443
13.422	-92.5406
13.4203	-92.537
13.4185	-92.5334
13.4167	-92.5297
13.415	-92.5261
13.4132	-92.5224
13.4114	-92.5188
13.4097	-92.5152
13.4079	-92.5115
13.4061	-92.5079
13.4043	-92.5042
13.4026	-92.5006
13.4008	-92.497
13.399	-92.4933
13.3973	-92.4897
13.3955	-92.486
13.3937	-92.4824
13.392	-92.4788
13.3902	-92.4751
13.3884	-92.4715
13.3866	-92.4678
13.3849	-92.4642
13.3831	-92.4606
13.3813	-92.4569
13.3796	-92.4533
13.3778	-92.4496
13.376	-92.446
13.3742	-92.4424
13.3725	-92.4387
13.3707	-92.4351
13.3689	-92.4314
13.3672	-92.4278
13.3654	-92.4242
13.3636	-92.4205
13.3619	-92.4169
13.3601	-92.4132
13.3583	-92.4096
13.3565	-92.406
13.3548	-92.4023
13.353	-92.3987
13.3512	-92.3951
13.3495	-92.3914
13.3477	-92.3878
13.3459	-92.3841
13.3441	-92.3805
13.3424	-92.3769
13.3406	-92.3732
13.3388	-92.3696
13.337	-92.3659
13.3353	-92.3623
13.3335	-92.3587
13.3317	-92.355
13.33	-92.3514
13.3282	-92.3478
13.3264	-92.3441
13.3246	-92.3405
13.3229	-92.3368
13.3211	-92.3332
13.3193	-92.3296
13.3176	-92.3259
13.3158	-92.3223
13.314	-92.3187
13.3122	-92.315
13.3105	-92.3114
13.3087	-92.3077
13.3069	-92.3041
13.3051	-92.3005
13.3034	-92.2968
13.3016	-92.2932
13.2998	-92.2896
13.2982	-92.2864
13.2966	-92.2832
13.295	-92.28
13.2934	-92.2768
13.2918	-92.2736
13.2902	-92.2704
13.2886	-92.2672
13.287	-92.264
13.2855	-92.2608
13.2839	-92.2576
13.2823	-92.2544
13.2807	-92.2512
13.2791	-92.248
13.2775	-92.2448
13.2759	-92.2416
13.2743	-92.2384
13.2727	-92.2352
13.2711	-92.232
13.2695	-92.2288
13.2679	-92.2256
13.2663	-92.2224
13.2647	-92.2192
13.2631	-92.216
13.2615	-92.2128
13.2599	-92.2096
13.2583	-92.2064
13.2567	-92.2032
13.2551	-92.2
13.2535	-92.1968
13.2519	-92.1936
13.2503	-92.1904
13.2487	-92.1872
13.2471	-92.184
13.2455	-92.1808
13.2439	-92.1776
13.2423	-92.1744
13.2407	-92.1712
13.2391	-92.1681
13.2375	-92.1649
13.2359	-92.1617
13.2343	-92.1585
13.2327	-92.1553
13.2311	-92.1521
13.2295	-92.1489
13.2279	-92.1457
13.2263	-92.1425
13.2247	-92.1393
13.2231	-92.1361
13.2215	-92.1329
13.2199	-92.1297
13.2183	-92.1265
13.2167	-92.1233
13.2151	-92.1201
13.2135	-92.1169
13.2119	-92.1137
13.2103	-92.1105
13.2087	-92.1073
13.2071	-92.1041
13.2055	-92.1009
13.2039	-92.0977
13.2023	-92.0945
13.2007	-92.0913
13.1991	-92.0882
13.1975	-92.085
13.1959	-92.0818
13.1943	-92.0786
13.1927	-92.0754
13.1911	-92.0722
13.1895	-92.069
13.1879	-92.0658
13.1863	-92.0626
13.1847	-92.0594
13.1831	-92.0562
13.1815	-92.053
13.1799	-92.0498
13.1783	-92.0466
13.1767	-92.0434
13.1751	-92.0402
13.1735	-92.037
13.1719	-92.0338
13.1703	-92.0306
13.1687	-92.0274
13.1671	-92.0243
13.1655	-92.0211
13.1639	-92.0179
13.1623	-92.0147
13.1607	-92.0115
13.1591	-92.0083
13.1575	-92.0051
13.1559	-92.0019
13.1543	-91.9987
13.1527	-91.9955
13.1511	-91.9923
13.1495	-91.9891
13.1479	-91.9859
13.1463	-91.9827
13.1447	-91.9795
13.1431	-91.9763
13.1415	-91.9731
13.1403	-91.9706
13.139	-91.968
13.1378	-91.9654
13.1365	-91.9628
13.1353	-91.9603
13.134	-91.9577
13.1328	-91.9551
13.1315	-91.9525
13.1303	-91.95
13.129	-91.9474
13.1278	-91.9448
13.1265	-91.9422
13.1253	-91.9397
13.124	-91.9371
13.1227	-91.9345
13.1215	-91.9319
13.1202	-91.9294
13.119	-91.9268
13.1177	-91.9242
13.1165	-91.9216
13.1152	-91.9191
13.114	-91.9165
13.1127	-91.9139
13.1115	-91.9113
13.1102	-91.9088
13.109	-91.9062
13.1077	-91.9036
13.1065	-91.901
13.1052	-91.8985
13.1039	-91.8959
13.1027	-91.8933
13.1014	-91.8907
13.1002	-91.8882
13.0989	-91.8856
13.0977	-91.883
13.0964	-91.8804
13.0952	-91.8779
13.0939	-91.8753
13.0927	-91.8727
13.0914	-91.8701
13.0902	-91.8676
13.0889	-91.865
13.0877	-91.8624
13.0864	-91.8598
13.0851	-91.8573
13.0839	-91.8547
13.0826	-91.8521
13.0814	-91.8495
13.0801	-91.847
13.0789	-91.8444
13.0776	-91.8418
13.0764	-91.8392
13.0751	-91.8367
13.0739	-91.8341
13.0726	-91.8315
13.0714	-91.8289
13.0701	-91.8264
13.0688	-91.8238
13.0676	-91.8212
13.0663	-91.8186
13.0651	-91.8161
13.0638	-91.8135
13.0626	-91.8109
13.0613	-91.8083
13.0601	-91.8058
13.0588	-91.8032
13.0576	-91.8006
13.0563	-91.798
13.055	-91.7955
13.0538	-91.7929
13.0525	-91.7903
13.0513	-91.7877
13.05	-91.7852
13.0488	-91.7826
13.0475	-91.78
13.0463	-91.7775
13.045	-91.7749
13.0438	-91.7723
13.0425	-91.7697
13.0412	-91.7672
13.04	-91.7646
13.0387	-91.762
13.0375	-91.7594
13.0362	-91.7569
13.035	-91.7543
13.0337	-91.7517
13.0325	-91.7491
13.0312	-91.7466
13.03	-91.744
13.0287	-91.7414
13.0274	-91.7388
13.0262	-91.7363
13.0249	-91.7337
13.0237	-91.7311
13.0224	-91.7286
13.0212	-91.726
13.0199	-91.7234
13.0187	-91.7208
13.0174	-91.7183
13.0156	-91.7142
13.0139	-91.7102
13.0121	-91.7062
13.0103	-91.7022
13.0086	-91.6982
13.0068	-91.6942
13.005	-91.6901
13.0033	-91.6861
13.0015	-91.6821
12.9997	-91.6781
12.998	-91.6741
12.9962	-91.6701
12.9944	-91.666
12.9926	-91.662
12.9909	-91.658
12.9891	-91.654
12.9873	-91.65
12.9856	-91.646
12.9838	-91.6419
12.982	-91.6379
12.9803	-91.6339
12.9785	-91.6299
12.9767	-91.6259
12.975	-91.6219
12.9732	-91.6178
12.9714	-91.6138
12.9697	-91.6098
12.9679	-91.6058
12.9661	-91.6018
12.9643	-91.5978
12.9626	-91.5938
12.9608	-91.5897
12.959	-91.5857
12.9573	-91.5817
12.9555	-91.5777
12.9537	-91.5737
12.952	-91.5697
12.9502	-91.5656
12.9484	-91.5616
12.9466	-91.5576
12.9449	-91.5536
12.9431	-91.5496
12.9413	-91.5456
12.9396	-91.5416
12.9378	-91.5375
12.936	-91.5335
12.9343	-91.5295
12.9325	-91.5255
12.9307	-91.5215
12.9289	-91.5175
12.9272	-91.5135
12.9254	-91.5094
12.9236	-91.5054
12.9219	-91.5014
12.9201	-91.4974
12.9183	-91.4934
12.9165	-91.4894
12.9148	-91.4854
12.913	-91.4813
12.9112	-91.4773
12.9095	-91.4733
12.9077	-91.4693
12.9059	-91.4653
12.9041	-91.4613
12.9024	-91.4573
12.9006	-91.4533
12.8988	-91.4492
12.8971	-91.4452
12.8953	-91.4412
12.8935	-91.4372
12.8917	-91.4332
12.89	-91.4292
12.8882	-91.4252
12.8864	-91.4211
12.8846	-91.4171
12.8829	-91.4131
12.8811	-91.4091
12.8793	-91.4051
12.8776	-91.4011
12.8758	-91.3971
12.874	-91.3931
12.8722	-91.389
12.8705	-91.385
12.8687	-91.381
12.8669	-91.377
12.8652	-91.373
12.8634	-91.369
12.8616	-91.365
12.8598	-91.361
12.8581	-91.3569
12.8563	-91.3529
12.8545	-91.3489
12.8527	-91.3449
12.851	-91.3409
12.8492	-91.3369
12.8474	-91.3329
12.8456	-91.3289
12.8439	-91.3248
12.8421	-91.3208
12.8403	-91.3168
12.8385	-91.3128
12.8368	-91.3088
12.835	-91.3048
12.8332	-91.3008
12.8316	-91.2969
12.8299	-91.293
12.8283	-91.2891
12.8267	-91.2851
12.825	-91.2812
12.8234	-91.2773
12.8217	-91.2734
12.8201	-91.2695
12.8184	-91.2656
12.8168	-91.2617
12.8152	-91.2578
12.8135	-91.2539
12.8119	-91.25
12.8102	-91.2461
12.8086	-91.2422
12.8069	-91.2382
12.8053	-91.2343
12.8037	-91.2304
12.802	-91.2265
12.8004	-91.2226
12.7987	-91.2187
12.7971	-91.2148
12.7954	-91.2109
12.7938	-91.207
12.7921	-91.2031
12.7905	-91.1992
12.7889	-91.1953
12.7872	-91.1914
12.7856	-91.1874
12.7839	-91.1835
12.7823	-91.1796
12.7806	-91.1757
12.779	-91.1718
12.7774	-91.1679
12.7757	-91.164
12.7741	-91.1601
12.7724	-91.1562
12.7708	-91.1523
12.7691	-91.1484
12.7675	-91.1445
12.7658	-91.1406
12.7642	-91.1367
12.7626	-91.1328
12.7609	-91.1288
12.7593	-91.1249
12.7576	-91.121
12.756	-91.1171
12.7543	-91.1132
12.7527	-91.1093
12.751	-91.1054
12.7494	-91.1015
12.7477	-91.0976
12.7461	-91.0937
12.7445	-91.0898
12.7428	-91.0859
12.7412	-91.082
12.7395	-91.0781
12.7379	-91.0742
12.7362	-91.0703
12.7346	-91.0663
12.7329	-91.0624
12.7313	-91.0585
12.7296	-91.0546
12.728	-91.0507
12.7264	-91.0468
12.7247	-91.0429
12.7231	-91.039
12.7214	-91.0351
12.7198	-91.0312
12.7181	-91.0273
12.7165	-91.0234
12.7148	-91.0195
12.7132	-91.0156
12.7115	-91.0117
12.7099	-91.0078
12.7082	-91.0039
12.7066	-91
12.7049	-90.9961
12.7033	-90.9921
12.7017	-90.9882
12.7	-90.9843
12.6984	-90.9804
12.6967	-90.9765
12.6951	-90.9726
12.6934	-90.9687
12.6918	-90.9648
12.6901	-90.9609
12.6885	-90.957
12.6868	-90.9531
12.6852	-90.9492
12.6835	-90.9453
12.6819	-90.9414
12.6802	-90.9375
12.6786	-90.9336
12.6769	-90.9297
12.6753	-90.9258
12.6736	-90.9219
12.672	-90.918
12.6704	-90.9141
12.6687	-90.91
12.6671	-90.9059
12.6654	-90.9018
12.6638	-90.8978
12.6622	-90.8937
12.6605	-90.8896
12.6589	-90.8855
12.6573	-90.8814
12.6556	-90.8774
12.654	-90.8733
12.6524	-90.8692
12.6507	-90.8651
12.6491	-90.8611
12.6475	-90.857
12.6458	-90.8529
12.6442	-90.8488
12.6426	-90.8447
12.6409	-90.8407
12.6393	-90.8366
12.6377	-90.8325
12.636	-90.8284
12.6344	-90.8244
12.6327	-90.8203
12.6311	-90.8162
12.6295	-90.8121
12.6278	-90.8081
12.6262	-90.804
12.6246	-90.7999
12.6229	-90.7958
12.6213	-90.7918
12.6197	-90.7877
12.618	-90.7836
12.6164	-90.7795
12.6148	-90.7754
12.6131	-90.7714
12.6115	-90.7673
12.6098	-90.7632
12.6082	-90.7591
12.6066	-90.7551
12.6049	-90.751
12.6033	-90.7469
12.6017	-90.7428
12.6	-90.7388
12.5984	-90.7347
12.5967	-90.7306
12.5951	-90.7265
12.5935	-90.7225
12.5918	-90.7184
12.5902	-90.7143
12.5886	-90.7102
12.5869	-90.7062
12.5853	-90.7021
12.5837	-90.698
12.582	-90.6939
12.5804	-90.6899
12.5787	-90.6858
12.5771	-90.6817
12.5755	-90.6776
12.5738	-90.6736
12.5722	-90.6695
12.5705	-90.6654
12.5689	-90.6613
12.5673	-90.6573
12.5656	-90.6532
12.564	-90.6491
12.5624	-90.645
12.5607	-90.641
12.5591	-90.6369
12.5574	-90.6328
12.5558	-90.6287
12.5542	-90.6247
12.5525	-90.6206
12.5509	-90.6165
12.5493	-90.6124
12.5476	-90.6084
12.546	-90.6043
12.5443	-90.6002
12.5427	-90.5962
12.5411	-90.5921
12.5394	-90.588
12.5378	-90.5839
12.5361	-90.5799
12.5345	-90.5758
12.5329	-90.5717
12.5312	-90.5676
12.5296	-90.5636
12.5279	-90.5595
12.5263	-90.5554
12.5247	-90.5513
12.523	-90.5473
12.5214	-90.5432
12.5197	-90.5391
12.5181	-90.5351
12.5165	-90.531
12.5148	-90.5269
12.5132	-90.5228
12.5115	-90.5188
12.5099	-90.5147
12.5083	-90.5106
12.5066	-90.5065
12.505	-90.5025
12.5033	-90.4984
12.5017	-90.4943
12.5001	-90.4903
12.4984	-90.4862
12.4968	-90.4821
12.4951	-90.478
12.4935	-90.474
12.4919	-90.4699
12.4902	-90.4658
12.4888	-90.4618
12.4874	-90.4578
12.4861	-90.4538
12.4847	-90.4498
12.4833	-90.4458
12.4819	-90.4418
12.4805	-90.4378
12.4791	-90.4338
12.4778	-90.4298
12.4764	-90.4259
12.475	-90.4219
12.4736	-90.4179
12.4722	-90.4139
12.4708	-90.4099
12.4694	-90.4059
12.4681	-90.4019
12.4667	-90.3979
12.4653	-90.3939
12.4639	-90.3899
12.4625	-90.3859
12.4611	-90.3819
12.4597	-90.3779
12.4584	-90.3739
12.457	-90.3699
12.4556	-90.3659
12.4542	-90.3619
12.4528	-90.3579
12.4514	-90.3539
12.45	-90.3499
12.4487	-90.3459
12.4473	-90.3419
12.4459	-90.3379
12.4445	-90.3339
12.4431	-90.3299
12.4417	-90.3259
12.4403	-90.322
12.439	-90.318
12.4376	-90.314
12.4362	-90.31
12.4348	-90.306
12.4334	-90.302
12.432	-90.298
12.4306	-90.294
12.4292	-90.29
12.4279	-90.286
12.4265	-90.282
12.4251	-90.278
12.4237	-90.274
12.4223	-90.27
12.4209	-90.266
12.4195	-90.262
12.4182	-90.258
12.4168	-90.254
12.4154	-90.25
12.414	-90.246
12.4126	-90.242
12.4112	-90.2381
12.4098	-90.2341
12.4084	-90.2301
12.407	-90.2261
12.4057	-90.2221
12.4043	-90.2181
12.4029	-90.2141
12.4015	-90.2101
12.4001	-90.2061
12.3987	-90.2021
12.3973	-90.1981
12.3959	-90.1941
12.3946	-90.1901
12.3932	-90.1861
12.3918	-90.1821
12.3904	-90.1781
12.389	-90.1741
12.3876	-90.1701
12.3862	-90.1662
12.3848	-90.1622
12.3834	-90.1582
12.3821	-90.1542
12.3807	-90.1502
12.3793	-90.1462
12.3779	-90.1422
12.3765	-90.1382
12.3751	-90.1342
12.3737	-90.1302
12.3723	-90.1262
12.3709	-90.1222
12.3696	-90.1182
12.3682	-90.1142
12.3668	-90.1102
12.3654	-90.1063
12.364	-90.1023
12.3626	-90.0983
12.3612	-90.0943
12.3598	-90.0903
12.3584	-90.0863
12.3571	-90.0823
12.3557	-90.0783
12.3543	-90.0743
12.3529	-90.0703
12.3515	-90.0665
12.3501	-90.0628
12.3487	-90.059
12.3473	-90.0552
12.346	-90.0514
12.3446	-90.0477
12.3432	-90.0439
12.3418	-90.0401
12.3404	-90.0363
12.339	-90.0326
12.3376	-90.0288
12.3363	-90.025
12.3349	-90.0212
12.3335	-90.0175
12.3321	-90.0137
12.3307	-90.0099
12.3293	-90.0061
12.3279	-90.0024
12.3265	-89.9986
12.3252	-89.9948
12.3238	-89.991
12.3224	-89.9873
12.321	-89.9835
12.3196	-89.9797
12.3182	-89.9759
12.3168	-89.9722
12.3155	-89.9684
12.3141	-89.9646
12.3127	-89.9609
12.3113	-89.9571
12.3099	-89.9533
12.3085	-89.9495
12.3071	-89.9458
12.3057	-89.942
12.3044	-89.9382
12.303	-89.9344
12.3016	-89.9307
12.3002	-89.9269
12.2988	-89.9231
12.2974	-89.9193
12.296	-89.9156
12.2946	-89.9118
12.2933	-89.908
12.2919	-89.9042
12.2905	-89.9005
12.2891	-89.8967
12.2877	-89.8929
12.2863	-89.8892
12.2849	-89.8854
12.2835	-89.8816
12.2822	-89.8778
12.2808	-89.8741
12.2794	-89.8703
12.278	-89.8665
12.2766	-89.8627
12.2752	-89.859
12.2738	-89.8552
12.2724	-89.8514
12.2711	-89.8477
12.2697	-89.8439
12.2683	-89.8401
12.2669	-89.8363
12.2655	-89.8326
12.2641	-89.8288
12.2627	-89.825
12.2613	-89.8212
12.2599	-89.8175
12.2586	-89.8137
12.2572	-89.8099
12.2558	-89.8062
12.2544	-89.8024
12.253	-89.7986
12.2516	-89.7948
12.2502	-89.7911
12.2488	-89.7873
12.2474	-89.7835
12.2461	-89.7798
12.2447	-89.776
12.2433	-89.7722
12.2419	-89.7684
12.2405	-89.7647
12.2391	-89.7609
12.2377	-89.7571
12.2363	-89.7533
12.2349	-89.7496
12.2335	-89.7458
12.2322	-89.742
12.2308	-89.7383
12.2294	-89.7345
12.228	-89.7307
12.2266	-89.7269
12.2252	-89.7232
12.2238	-89.7194
12.2224	-89.7156
12.221	-89.7119
12.2196	-89.7081
12.2183	-89.7043
12.2169	-89.7005
12.2155	-89.6968
12.2142	-89.6933
12.2129	-89.6898
12.2116	-89.6864
12.2103	-89.6829
12.209	-89.6795
12.2077	-89.676
12.2064	-89.6725
12.2051	-89.6691
12.2038	-89.6656
12.2025	-89.6621
12.2012	-89.6587
12.1999	-89.6552
12.1986	-89.6517
12.1973	-89.6483
12.196	-89.6448
12.1947	-89.6414
12.1934	-89.6379
12.1921	-89.6344
12.1908	-89.631
12.1895	-89.6275
12.1882	-89.624
12.1869	-89.6206
12.1856	-89.6171
12.1843	-89.6137
12.183	-89.6102
12.1817	-89.6067
12.1804	-89.6033
12.1791	-89.5998
12.1778	-89.5963
12.1765	-89.5929
12.1752	-89.5894
12.1739	-89.5859
12.1726	-89.5825
12.1713	-89.579
12.17	-89.5756
12.1687	-89.5721
12.1674	-89.5686
12.1661	-89.5652
12.1648	-89.5617
12.1635	-89.5582
12.1622	-89.5548
12.1608	-89.5513
12.1595	-89.5479
12.1582	-89.5444
12.1569	-89.5409
12.1556	-89.5375
12.1543	-89.534
12.153	-89.5305
12.1517	-89.5271
12.1504	-89.5236
12.1491	-89.5202
12.1478	-89.5167
12.1465	-89.5132
12.1452	-89.5098
12.1439	-89.5063
12.1426	-89.5028
12.1413	-89.4994
12.14	-89.4959
12.1387	-89.4925
12.1374	-89.489
12.1361	-89.4855
12.1348	-89.4821
12.1335	-89.4786
12.1322	-89.4751
12.1309	-89.4717
12.1296	-89.4682
12.1283	-89.4648
12.127	-89.4613
12.1257	-89.4578
12.1244	-89.4544
12.1231	-89.4509
12.1218	-89.4475
12.1205	-89.444
12.1192	-89.4405
12.1179	-89.4371
12.1166	-89.4336
12.1153	-89.4301
12.114	-89.4267
12.1127	-89.4232
12.1114	-89.4198
12.1101	-89.4163
12.1088	-89.4128
12.1075	-89.4094
12.1061	-89.4059
12.1048	-89.4025
12.1035	-89.399
12.1022	-89.3955
12.1009	-89.3921
12.0996	-89.3886
12.0983	-89.3852
12.097	-89.3817
12.0957	-89.3782
12.0944	-89.3748
12.0931	-89.3713
12.0918	-89.3678
12.0905	-89.3644
12.0892	-89.3609
12.0879	-89.3575
12.0866	-89.354
12.0852	-89.3505
12.0837	-89.3471
12.0823	-89.3436
12.0809	-89.3401
12.0794	-89.3367
12.078	-89.3332
12.0766	-89.3298
12.0751	-89.3263
12.0737	-89.3228
12.0723	-89.3194
12.0709	-89.3159
12.0694	-89.3124
12.068	-89.309
12.0666	-89.3055
12.0651	-89.302
12.0637	-89.2986
12.0623	-89.2951
12.0608	-89.2917
12.0594	-89.2882
12.058	-89.2847
12.0565	-89.2813
12.0551	-89.2778
12.0537	-89.2743
12.0522	-89.2709
12.0508	-89.2674
12.0494	-89.2639
12.048	-89.2605
12.0465	-89.257
12.0451	-89.2536
12.0437	-89.2501
12.0422	-89.2466
12.0408	-89.2432
12.0394	-89.2397
12.0379	-89.2362
12.0365	-89.2328
12.0351	-89.2293
12.0336	-89.2259
12.0322	-89.2224
12.0308	-89.2189
12.0293	-89.2155
12.0279	-89.212
12.0265	-89.2085
12.025	-89.2051
12.0236	-89.2016
12.0222	-89.1982
12.0207	-89.1947
12.0193	-89.1912
12.0179	-89.1878
12.0164	-89.1843
12.015	-89.1808
12.0136	-89.1774
12.0121	-89.1739
12.0107	-89.1705
12.0093	-89.167
12.0078	-89.1635
12.0064	-89.1601
12.005	-89.1566
12.0035	-89.1531
12.0021	-89.1497
12.0007	-89.1462
11.9992	-89.1428
11.9978	-89.1393
11.9964	-89.1358
11.9949	-89.1324
11.9935	-89.1289
11.9921	-89.1254
11.9906	-89.122
11.9892	-89.1185
11.9878	-89.1151
11.9863	-89.1116
11.9849	-89.1081
11.9835	-89.1047
11.982	-89.1012
11.9806	-89.0978
11.9792	-89.0943
11.9777	-89.0908
11.9763	-89.0874
11.9749	-89.0839
11.9734	-89.0804
11.972	-89.077
11.9706	-89.0735
11.9691	-89.0701
11.9677	-89.0666
11.9663	-89.0631
11.9648	-89.0597
11.9634	-89.0562
11.962	-89.0528
11.9605	-89.0493
11.9591	-89.0458
11.9577	-89.0424
11.9562	-89.0389
11.9548	-89.0355
11.9534	-89.032
11.9519	-89.0285
11.9505	-89.0251
11.9491	-89.0216
11.9476	-89.0182
11.9462	-89.0147
11.9448	-89.0112
11.9436	-89.0085
11.9425	-89.0057
11.9414	-89.003
11.9402	-89.0002
11.9391	-88.9975
11.938	-88.9947
11.9369	-88.992
11.9357	-88.9892
11.9346	-88.9865
11.9335	-88.9837
11.9323	-88.9809
11.9312	-88.9782
11.9301	-88.9754
11.929	-88.9727
11.9278	-88.9699
11.9267	-88.9672
11.9256	-88.9644
11.9244	-88.9617
11.9233	-88.9589
11.9222	-88.9562
11.9211	-88.9534
11.9199	-88.9507
11.9188	-88.9479
11.9177	-88.9452
11.9165	-88.9424
11.9154	-88.9397
11.9143	-88.9369
11.9132	-88.9341
11.912	-88.9314
11.9109	-88.9286
11.9098	-88.9259
11.9086	-88.9231
11.9075	-88.9204
11.9064	-88.9176
11.9053	-88.9149
11.9041	-88.9121
11.903	-88.9094
11.9019	-88.9066
11.9007	-88.9039
11.8996	-88.9011
11.8985	-88.8984
11.8973	-88.8956
11.8962	-88.8929
11.8951	-88.8901
11.894	-88.8874
11.8928	-88.8846
11.8917	-88.8819
11.8906	-88.8791
11.8894	-88.8763
11.8883	-88.8736
11.8872	-88.8708
11.8861	-88.8681
11.8849	-88.8653
11.8838	-88.8626
11.8827	-88.8598
11.8815	-88.8571
11.8804	-88.8543
11.8793	-88.8516
11.8781	-88.8488
11.877	-88.8461
11.8759	-88.8433
11.8748	-88.8406
11.8736	-88.8378
11.8725	-88.8351
11.8714	-88.8323
11.8702	-88.8296
11.8691	-88.8268
11.868	-88.8241
11.8669	-88.8213
11.8657	-88.8186
11.8646	-88.8158
11.8635	-88.8131
11.8623	-88.8103
11.8612	-88.8076
11.8601	-88.8048
11.8589	-88.802
11.8578	-88.7993
11.8567	-88.7965
11.8556	-88.7938
11.8544	-88.791
11.8533	-88.7883
11.8522	-88.7855
11.851	-88.7828
11.8499	-88.78
11.8488	-88.7773
11.8476	-88.7745
11.8465	-88.7718
11.8454	-88.769
11.8442	-88.7663
11.8431	-88.7635
11.842	-88.7608
11.8409	-88.758
11.8397	-88.7553
11.8386	-88.7525
11.8375	-88.7498
11.8363	-88.747
11.8352	-88.7443
11.8341	-88.7415
11.8329	-88.7388
11.8316	-88.7358
11.8303	-88.7328
11.8289	-88.7298
11.8276	-88.7269
11.8262	-88.7239
11.8249	-88.7209
11.8235	-88.7179
11.8222	-88.715
11.8208	-88.712
11.8195	-88.709
11.8181	-88.706
11.8168	-88.7031
11.8154	-88.7001
11.8141	-88.6971
11.8128	-88.6941
11.8114	-88.6912
11.8101	-88.6882
11.8087	-88.6852
11.8074	-88.6822
11.806	-88.6793
11.8047	-88.6763
11.8033	-88.6733
11.802	-88.6703
11.8006	-88.6674
11.7993	-88.6644
11.7979	-88.6614
11.7966	-88.6584
11.7953	-88.6555
11.7939	-88.6525
11.7926	-88.6495
11.7912	-88.6465
11.7899	-88.6436
11.7885	-88.6406
11.7872	-88.6376
11.7858	-88.6346
11.7845	-88.6317
11.7831	-88.6287
11.7818	-88.6257
11.7804	-88.6227
11.7791	-88.6198
11.7777	-88.6168
11.7764	-88.6138
11.7751	-88.6108
11.7737	-88.6079
11.7724	-88.6049
11.771	-88.6019
11.7697	-88.599
11.7683	-88.596
11.767	-88.593
11.7656	-88.59
11.7643	-88.5871
11.7629	-88.5841
11.7616	-88.5811
11.7602	-88.5781
11.7589	-88.5752
11.7575	-88.5722
11.7562	-88.5692
11.7548	-88.5662
11.7535	-88.5633
11.7522	-88.5603
11.7508	-88.5573
11.7495	-88.5543
11.7481	-88.5514
11.7468	-88.5484
11.7454	-88.5454
11.7441	-88.5424
11.7427	-88.5395
11.7414	-88.5365
11.74	-88.5335
11.7387	-88.5306
11.7373	-88.5276
11.736	-88.5246
11.7346	-88.5216
11.7333	-88.5187
11.7319	-88.5157
11.7306	-88.5127
11.7292	-88.5097
11.7279	-88.5068
11.7265	-88.5038
11.7252	-88.5008
11.7238	-88.4978
11.7225	-88.4949
11.7212	-88.4919
11.7198	-88.4889
11.7185	-88.486
11.7171	-88.483
11.7158	-88.48
11.7144	-88.477
11.7131	-88.4741
11.7117	-88.4711
11.7104	-88.4681
11.709	-88.4651
11.7077	-88.4622
11.7063	-88.4592
11.705	-88.4562
11.7036	-88.4533
11.7023	-88.4503
11.7009	-88.4473
11.6996	-88.4443
11.6984	-88.442
11.6973	-88.4396
11.6962	-88.4373
11.6951	-88.4349
11.6939	-88.4326
11.6928	-88.4302
11.6917	-88.4279
11.6905	-88.4255
11.6894	-88.4232
11.6883	-88.4208
11.6872	-88.4184
11.686	-88.4161
11.6849	-88.4137
11.6838	-88.4114
11.6826	-88.409
11.6815	-88.4067
11.6804	-88.4043
11.6792	-88.402
11.6781	-88.3996
11.677	-88.3973
11.6759	-88.3949
11.6747	-88.3926
11.6736	-88.3902
11.6725	-88.3879
11.6713	-88.3855
11.6702	-88.3831
11.6691	-88.3808
11.6679	-88.3784
11.6668	-88.3761
11.6657	-88.3737
11.6646	-88.3714
11.6634	-88.369
11.6623	-88.3667
11.6612	-88.3643
11.66	-88.362
11.6589	-88.3596
11.6578	-88.3573
11.6566	-88.3549
11.6555	-88.3526
11.6544	-88.3502
11.6533	-88.3479
11.6521	-88.3455
11.651	-88.3431
11.6499	-88.3408
11.6487	-88.3384
11.6476	-88.3361
11.6465	-88.3337
11.6453	-88.3314
11.6442	-88.329
11.6431	-88.3267
11.642	-88.3243
11.6408	-88.322
11.6397	-88.3196
11.6386	-88.3173
11.6374	-88.3149
11.6363	-88.3126
11.6352	-88.3102
11.634	-88.3079
11.6329	-88.3055
11.6318	-88.3032
11.6306	-88.3008
11.6295	-88.2985
11.6284	-88.2961
11.6273	-88.2937
11.6261	-88.2914
11.625	-88.289
11.6239	-88.2867
11.6227	-88.2843
11.6216	-88.282
11.6205	-88.2796
11.6193	-88.2773
11.6182	-88.2749
11.6171	-88.2726
11.6159	-88.2702
11.6148	-88.2679
11.6137	-88.2655
11.6126	-88.2632
11.6114	-88.2608
11.6103	-88.2585
11.6092	-88.2561
11.608	-88.2538
11.6069	-88.2514
11.6058	-88.2491
11.6046	-88.2467
11.6035	-88.2444
11.6024	-88.242
11.6012	-88.2396
11.6001	-88.2373
11.599	-88.2349
11.5979	-88.2326
11.5967	-88.2302
11.5956	-88.2279
11.5945	-88.2255
11.5933	-88.2232
11.5922	-88.2208
11.5911	-88.2185
11.5899	-88.2161
11.5888	-88.2138
11.5877	-88.2114
11.5865	-88.209
11.5852	-88.2065
11.584	-88.2041
11.5828	-88.2017
11.5816	-88.1992
11.5804	-88.1968
11.5792	-88.1943
11.5779	-88.1919
11.5767	-88.1894
11.5755	-88.187
11.5743	-88.1846
11.5731	-88.1821
11.5718	-88.1797
11.5706	-88.1772
11.5694	-88.1748
11.5682	-88.1723
11.567	-88.1699
11.5658	-88.1675
11.5645	-88.165
11.5633	-88.1626
11.5621	-88.1601
11.5609	-88.1577
11.5597	-88.1553
11.5585	-88.1528
11.5572	-88.1504
11.556	-88.1479
11.5548	-88.1455
11.5536	-88.143
11.5524	-88.1406
11.5512	-88.1382
11.5499	-88.1357
11.5487	-88.1333
11.5475	-88.1308
11.5463	-88.1284
11.5451	-88.126
11.5439	-88.1235
11.5426	-88.1211
11.5414	-88.1186
11.5402	-88.1162
11.539	-88.1137
11.5378	-88.1113
11.5365	-88.1089
11.5353	-88.1064
11.5341	-88.104
11.5329	-88.1015
11.5317	-88.0991
11.5305	-88.0967
11.5292	-88.0942
11.528	-88.0918
11.5268	-88.0893
11.5256	-88.0869
11.5244	-88.0844
11.5231	-88.082
11.5219	-88.0796
11.5207	-88.0771
11.5195	-88.0747
11.5183	-88.0722
11.5171	-88.0698
11.5158	-88.0674
11.5146	-88.0649
11.5134	-88.0625
11.5122	-88.06
11.511	-88.0576
11.5098	-88.0552
11.5085	-88.0527
11.5073	-88.0503
11.5061	-88.0478
11.5049	-88.0454
11.5037	-88.0429
11.5024	-88.0405
11.5012	-88.0381
11.5	-88.0356
11.4988	-88.0332
11.4976	-88.0307
11.4964	-88.0283
11.4951	-88.0259
11.4939	-88.0234
11.4927	-88.021
11.4915	-88.0185
11.4903	-88.0161
11.489	-88.0137
11.4878	-88.0112
11.4866	-88.0088
11.4854	-88.0063
11.4842	-88.0039
11.4829	-88.0015
11.4817	-87.999
11.4805	-87.9966
11.4793	-87.9941
11.4781	-87.9917
11.4769	-87.9893
11.4756	-87.9868
11.4744	-87.9844
11.4732	-87.9819
11.472	-87.9795
11.4708	-87.977
11.4695	-87.9746
11.4683	-87.9722
11.4671	-87.9697
11.4656	-87.9676
11.4641	-87.9656
11.4625	-87.9635
11.461	-87.9614
11.4595	-87.9593
11.458	-87.9572
11.4564	-87.9551
11.4549	-87.953
11.4534	-87.9509
11.4519	-87.9489
11.4504	-87.9468
11.4488	-87.9447
11.4473	-87.9426
11.4458	-87.9405
11.4443	-87.9384
11.4427	-87.9363
11.4412	-87.9342
11.4397	-87.9322
11.4382	-87.9301
11.4367	-87.928
11.4351	-87.9259
11.4336	-87.9238
11.4321	-87.9217
11.4306	-87.9196
11.429	-87.9175
11.4275	-87.9155
11.426	-87.9134
11.4245	-87.9113
11.423	-87.9092
11.4214	-87.9071
11.4199	-87.905
11.4184	-87.9029
11.4169	-87.9009
11.4153	-87.8988
11.4138	-87.8967
11.4123	-87.8946
11.4108	-87.8925
11.4092	-87.8904
11.4077	-87.8883
11.4062	-87.8862
11.4047	-87.8842
11.4032	-87.8821
11.4016	-87.88
11.4001	-87.8779
11.3986	-87.8758
11.3971	-87.8737
11.3955	-87.8716
11.394	-87.8696
11.3925	-87.8675
11.391	-87.8654
11.3894	-87.8633
11.3879	-87.8612
11.3864	-87.8591
11.3849	-87.857
11.3834	-87.855
11.3818	-87.8529
11.3803	-87.8508
11.3788	-87.8487
11.3773	-87.8466
11.3757	-87.8445
11.3742	-87.8424
11.3727	-87.8404
11.3712	-87.8383
11.3696	-87.8362
11.3681	-87.8341
11.3666	-87.832
11.3651	-87.8299
11.3636	-87.8278
11.362	-87.8257
11.3605	-87.8237
11.359	-87.8216
11.3575	-87.8195
11.3559	-87.8174
11.3544	-87.8153
11.3529	-87.8132
11.3514	-87.8111
11.3498	-87.8091
11.3483	-87.807
11.3468	-87.8049
11.3453	-87.8028
11.3438	-87.8007
11.3422	-87.7986
11.3407	-87.7965
11.3392	-87.7945
11.3377	-87.7924
11.3361	-87.7903
11.3346	-87.7882
11.3331	-87.7861
11.3316	-87.784
11.33	-87.782
11.3285	-87.7799
11.327	-87.7778
11.3255	-87.7757
11.3239	-87.7736
11.3224	-87.7715
11.3209	-87.7694
11.3194	-87.7674
11.3178	-87.7653
11.3163	-87.7632
11.3141	-87.7606
11.3119	-87.758
11.3097	-87.7555
11.3074	-87.7529
11.3052	-87.7503
11.303	-87.7477
11.3008	-87.7451
11.2986	-87.7426
11.2963	-87.74
11.2941	-87.7374
11.2919	-87.7348
11.2897	-87.7323
11.2875	-87.7297
11.2852	-87.7271
11.283	-87.7245
11.2808	-87.722
11.2786	-87.7194
11.2764	-87.7168
11.2741	-87.7142
11.2719	-87.7117
11.2697	-87.7091
11.2675	-87.7065
11.2653	-87.7039
11.263	-87.7014
11.2608	-87.6988
11.2586	-87.6962
11.2564	-87.6936
11.2542	-87.6911
11.2519	-87.6885
11.2497	-87.6859
11.2475	-87.6833
11.2453	-87.6808
11.2431	-87.6782
11.2408	-87.6756
11.2386	-87.673
11.2364	-87.6705
11.2342	-87.6679
11.232	-87.6653
11.2297	-87.6627
11.2275	-87.6602
11.2253	-87.6576
11.2231	-87.655
11.2209	-87.6524
11.2186	-87.6499
11.2164	-87.6473
11.2142	-87.6447
11.212	-87.6421
11.2098	-87.6396
11.2075	-87.637
11.2053	-87.6344
11.2031	-87.6318
11.2009	-87.6293
11.1987	-87.6267
11.1964	-87.6241
11.1942	-87.6215
11.192	-87.619
11.1898	-87.6164
11.1876	-87.6138
11.1853	-87.6112
11.1831	-87.6087
11.1809	-87.6061
11.1787	-87.6035
11.1764	-87.6009
11.1742	-87.5984
11.172	-87.5958
11.1698	-87.5932
11.1676	-87.5906
11.1653	-87.5881
11.1631	-87.5855
11.1609	-87.5829
11.1587	-87.5803
11.1565	-87.5778
11.1542	-87.5752
11.152	-87.5726
11.1498	-87.5701
11.1476	-87.5675
11.1454	-87.5649
11.1431	-87.5623
11.1409	-87.5598
11.1387	-87.5572
11.1365	-87.5546
11.1342	-87.552
11.132	-87.5495
11.1298	-87.5469
11.1276	-87.5443
11.1254	-87.5417
11.1231	-87.5392
11.1209	-87.5366
11.1187	-87.534
11.1165	-87.5315
11.1143	-87.5289
11.112	-87.5263
11.1098	-87.5237
11.1076	-87.5212
11.1054	-87.5186
11.1031	-87.516
11.1009	-87.5134
11.0987	-87.5109
11.0965	-87.5083
11.0946	-87.5059
11.0927	-87.5036
11.0909	-87.5012
11.089	-87.4989
11.0871	-87.4965
11.0852	-87.4942
11.0834	-87.4918
11.0815	-87.4895
11.0796	-87.4871
11.0777	-87.4848
11.0759	-87.4824
11.074	-87.4801
11.0721	-87.4777
11.0703	-87.4753
11.0684	-87.473
11.0665	-87.4706
11.0646	-87.4683
11.0628	-87.4659
11.0609	-87.4636
11.059	-87.4612
11.0571	-87.4589
11.0553	-87.4565
11.0534	-87.4542
11.0515	-87.4518
11.0497	-87.4495
11.0478	-87.4471
11.0459	-87.4448
11.044	-87.4424
11.0422	-87.44
11.0403	-87.4377
11.0384	-87.4353
11.0365	-87.433
11.0347	-87.4306
11.0328	-87.4283
11.0309	-87.4259
11.029	-87.4236
11.0272	-87.4212
11.0253	-87.4189
11.0234	-87.4165
11.0216	-87.4142
11.0197	-87.4118
11.0178	-87.4095
11.0159	-87.4071
11.0141	-87.4047
11.0122	-87.4024
11.0103	-87.4
11.0084	-87.3977
11.0066	-87.3953
11.0047	-87.393
11.0028	-87.3906
11.0009	-87.3883
10.9991	-87.3859
10.9972	-87.3836
10.9953	-87.3812
10.9934	-87.3789
10.9916	-87.3765
10.9897	-87.3742
10.9878	-87.3718
10.986	-87.3695
10.9841	-87.3671
10.9822	-87.3648
10.9803	-87.3624
10.9785	-87.3601
10.9766	-87.3577
10.9747	-87.3553
10.9728	-87.353
10.971	-87.3506
10.9691	-87.3483
10.9672	-87.3459
10.9653	-87.3436
10.9635	-87.3412
10.9616	-87.3389
10.9597	-87.3365
10.9578	-87.3342
10.956	-87.3318
10.9541	-87.3295
10.9522	-87.3271
10.9503	-87.3248
10.9485	-87.3224
10.9466	-87.3201
10.9447	-87.3177
10.9429	-87.3154
10.941	-87.313
10.9391	-87.3107
10.9372	-87.3083
10.9354	-87.306
10.9335	-87.3036
10.9316	-87.3013
10.9297	-87.2989
10.9279	-87.2966
10.926	-87.2942
10.9241	-87.2918
10.9222	-87.2895
10.9204	-87.2871
10.9185	-87.2848
10.9166	-87.2824
10.9147	-87.2801
10.9129	-87.2777
10.911	-87.2754
10.9088	-87.2735
10.9065	-87.2717
10.9043	-87.2698
10.9021	-87.2679
10.8999	-87.2661
10.8976	-87.2642
10.8954	-87.2623
10.8932	-87.2605
10.891	-87.2586
10.8888	-87.2567
10.8865	-87.2549
10.8843	-87.253
10.8821	-87.2511
10.8799	-87.2493
10.8776	-87.2474
10.8754	-87.2455
10.8732	-87.2437
10.871	-87.2418
10.8687	-87.2399
10.8665	-87.2381
10.8643	-87.2362
10.8621	-87.2344
10.8599	-87.2325
10.8576	-87.2306
10.8554	-87.2288
10.8532	-87.2269
10.851	-87.225
10.8487	-87.2232
10.8465	-87.2213
10.8443	-87.2194
10.8421	-87.2176
10.8398	-87.2157
10.8376	-87.2138
10.8354	-87.212
10.8332	-87.2101
10.8309	-87.2082
10.8287	-87.2064
10.8265	-87.2045
10.8243	-87.2026
10.8221	-87.2008
10.8198	-87.1989
10.8176	-87.1971
10.8154	-87.1952
10.8132	-87.1933
10.8109	-87.1915
10.8087	-87.1896
10.8065	-87.1877
10.8043	-87.1859
10.802	-87.184
10.7998	-87.1821
10.7976	-87.1803
10.7954	-87.1784
10.7931	-87.1765
10.7909	-87.1747
10.7887	-87.1728
10.7865	-87.171
10.7842	-87.1691
10.782	-87.1672
10.7798	-87.1654
10.7776	-87.1635
10.7754	-87.1616
10.7731	-87.1598
10.7709	-87.1579
10.7687	-87.156
10.7665	-87.1542
10.7642	-87.1523
10.762	-87.1504
10.7598	-87.1486
10.7576	-87.1467
10.7553	-87.1449
10.7531	-87.143
10.7509	-87.1411
10.7487	-87.1393
10.7464	-87.1374
10.7442	-87.1355
10.742	-87.1337
10.7398	-87.1318
10.7375	-87.1299
10.7353	-87.1281
10.7331	-87.1262
10.7309	-87.1244
10.7286	-87.1225
10.7264	-87.1206
10.7242	-87.1188
10.722	-87.1169
10.7198	-87.115
10.7175	-87.1132
10.7153	-87.1113
10.7131	-87.1095
10.7109	-87.1076
10.7086	-87.1057
10.7064	-87.1039
10.7042	-87.102
10.702	-87.1001
10.6997	-87.0983
10.6975	-87.0964
10.6953	-87.0945
10.6931	-87.0927
10.6908	-87.0908
10.6887	-87.0887
10.6866	-87.0866
10.6844	-87.0844
10.6823	-87.0823
10.6802	-87.0802
10.678	-87.078
10.6759	-87.0759
10.6737	-87.0738
10.6716	-87.0716
10.6695	-87.0695
10.6673	-87.0674
10.6652	-87.0652
10.6631	-87.0631
10.6609	-87.061
10.6588	-87.0588
10.6566	-87.0567
10.6545	-87.0546
10.6524	-87.0524
10.6502	-87.0503
10.6481	-87.0482
10.6459	-87.0461
10.6438	-87.0439
10.6417	-87.0418
10.6395	-87.0397
10.6374	-87.0375
10.6353	-87.0354
10.6331	-87.0333
10.631	-87.0311
10.6288	-87.029
10.6267	-87.0269
10.6246	-87.0247
10.6224	-87.0226
10.6203	-87.0205
10.6182	-87.0183
10.616	-87.0162
10.6139	-87.0141
10.6117	-87.012
10.6096	-87.0098
10.6075	-87.0077
10.6053	-87.0056
10.6032	-87.0034
10.6011	-87.0013
10.5989	-86.9992
10.5968	-86.997
10.5946	-86.9949
10.5925	-86.9928
10.5904	-86.9906
10.5882	-86.9885
10.5861	-86.9864
10.584	-86.9842
10.5818	-86.9821
10.5797	-86.98
10.5775	-86.9779
10.5754	-86.9757
10.5733	-86.9736
10.5711	-86.9715
10.569	-86.9693
10.5668	-86.9672
10.5647	-86.9651
10.5626	-86.9629
10.5604	-86.9608
10.5583	-86.9587
10.5562	-86.9566
10.554	-86.9544
10.5519	-86.9523
10.5497	-86.9502
10.5476	-86.948
10.5455	-86.9459
10.5433	-86.9438
10.5412	-86.9416
10.539	-86.9395
10.5369	-86.9374
10.5348	-86.9353
10.5326	-86.9331
10.5305	-86.931
10.5284	-86.9289
10.5262	-86.9267
10.5241	-86.9246
10.5219	-86.9225
10.5198	-86.9203
10.5177	-86.9182
10.5155	-86.9161
10.5134	-86.914
10.5112	-86.9118
10.5091	-86.9097
10.507	-86.9076
10.5048	-86.9054
10.5027	-86.9033
10.5006	-86.9012
10.4984	-86.899
10.4963	-86.8969
10.4941	-86.8948
10.492	-86.8927
10.4899	-86.8905
10.4877	-86.8884
10.4856	-86.8863
10.4834	-86.8841
10.4813	-86.882
10.4792	-86.8799
10.4765	-86.8778
10.4738	-86.8758
10.471	-86.8738
10.4683	-86.8717
10.4656	-86.8697
10.4629	-86.8676
10.4602	-86.8656
10.4575	-86.8635
10.4548	-86.8615
10.4521	-86.8594
10.4494	-86.8574
10.4467	-86.8554
10.444	-86.8533
10.4413	-86.8513
10.4386	-86.8492
10.4359	-86.8472
10.4332	-86.8451
10.4304	-86.8431
10.4277	-86.8411
10.425	-86.839
10.4223	-86.837
10.4196	-86.8349
10.4169	-86.8329
10.4142	-86.8308
10.4115	-86.8288
10.4088	-86.8268
10.4061	-86.8247
10.4034	-86.8227
10.4007	-86.8206
10.398	-86.8186
10.3953	-86.8165
10.3925	-86.8145
10.3898	-86.8125
10.3871	-86.8104
10.3844	-86.8084
10.3817	-86.8063
10.379	-86.8043
10.3763	-86.8022
10.3736	-86.8002
10.3709	-86.7982
10.3682	-86.7961
10.3655	-86.7941
10.3628	-86.792
10.3601	-86.79
10.3574	-86.788
10.3546	-86.7859
10.3519	-86.7839
10.3492	-86.7818
10.3465	-86.7798
10.3438	-86.7777
10.3411	-86.7757
10.3384	-86.7737
10.3357	-86.7716
10.333	-86.7696
10.3303	-86.7675
10.3276	-86.7655
10.3249	-86.7635
10.3222	-86.7614
10.3194	-86.7594
10.3167	-86.7573
10.314	-86.7553
10.3113	-86.7532
10.3086	-86.7512
10.3059	-86.7492
10.3032	-86.7471
10.3005	-86.7451
10.2978	-86.743
10.2951	-86.741
10.2924	-86.739
10.2897	-86.7369
10.287	-86.7349
10.2842	-86.7328
10.2815	-86.7308
10.2788	-86.7287
10.2761	-86.7267
10.2734	-86.7247
10.2707	-86.7226
10.268	-86.7206
10.2653	-86.7185
10.2626	-86.7165
10.2599	-86.7145
10.2572	-86.7124
10.2545	-86.7104
10.2518	-86.7083
10.249	-86.7063
10.2463	-86.7043
10.2436	-86.7022
10.2409	-86.7002
10.2382	-86.6981
10.2355	-86.6961
10.2328	-86.6941
10.2301	-86.692
10.2274	-86.69
10.2247	-86.6879
10.222	-86.6859
10.2193	-86.6839
10.2166	-86.6818
10.2138	-86.6798
10.2111	-86.6777
10.2096	-86.6759
10.208	-86.674
10.2064	-86.6721
10.2048	-86.6703
10.2033	-86.6684
10.2017	-86.6665
10.2001	-86.6647
10.1986	-86.6628
10.197	-86.6609
10.1954	-86.6591
10.1938	-86.6572
10.1923	-86.6554
10.1907	-86.6535
10.1891	-86.6516
10.1875	-86.6498
10.186	-86.6479
10.1844	-86.646
10.1828	-86.6442
10.1813	-86.6423
10.1797	-86.6404
10.1781	-86.6386
10.1765	-86.6367
10.175	-86.6348
10.1734	-86.633
10.1718	-86.6311
10.1702	-86.6292
10.1687	-86.6274
10.1671	-86.6255
10.1655	-86.6236
10.164	-86.6218
10.1624	-86.6199
10.1608	-86.6181
10.1592	-86.6162
10.1577	-86.6143
10.1561	-86.6125
10.1545	-86.6106
10.1529	-86.6087
10.1514	-86.6069
10.1498	-86.605
10.1482	-86.6031
10.1467	-86.6013
10.1451	-86.5994
10.1435	-86.5975
10.1419	-86.5957
10.1404	-86.5938
10.1388	-86.592
10.1372	-86.5901
10.1356	-86.5882
10.1341	-86.5864
10.1325	-86.5845
10.1309	-86.5826
10.1294	-86.5808
10.1278	-86.5789
10.1262	-86.577
10.1246	-86.5752
10.1231	-86.5733
10.1215	-86.5714
10.1199	-86.5696
10.1183	-86.5677
10.1168	-86.5659
10.1152	-86.564
10.1136	-86.5621
10.112	-86.5603
10.1105	-86.5584
10.1089	-86.5565
10.1073	-86.5547
10.1058	-86.5528
10.1042	-86.5509
10.1026	-86.5491
10.101	-86.5472
10.0995	-86.5453
10.0979	-86.5435
10.0963	-86.5416
10.0947	-86.5398
10.0932	-86.5379
10.0916	-86.536
10.09	-86.5342
10.0884	-86.5323
10.0869	-86.5304
10.0853	-86.5286
10.0837	-86.5267
10.0822	-86.5248
10.0806	-86.523
10.079	-86.5211
10.0774	-86.5193
10.0759	-86.5174
10.0743	-86.5155
10.0727	-86.5137
10.0711	-86.5118
10.0696	-86.5099
10.068	-86.5081
10.0664	-86.5062
10.0648	-86.5043
10.0633	-86.5025
10.0617	-86.5006
10.0601	-86.4988
10.0585	-86.4969
10.057	-86.495
10.0554	-86.4932
10.054	-86.4922
10.0527	-86.4913
10.0513	-86.4904
10.05	-86.4894
10.0486	-86.4885
10.0473	-86.4876
10.0459	-86.4866
10.0446	-86.4857
10.0432	-86.4848
10.0419	-86.4838
10.0405	-86.4829
10.0391	-86.482
10.0378	-86.481
10.0364	-86.4801
10.0351	-86.4792
10.0337	-86.4782
10.0324	-86.4773
10.031	-86.4764
10.0297	-86.4754
10.0283	-86.4745
10.0269	-86.4736
10.0256	-86.4726
10.0242	-86.4717
10.0229	-86.4708
10.0215	-86.4699
10.0202	-86.4689
10.0188	-86.468
10.0175	-86.4671
10.0161	-86.4661
10.0147	-86.4652
10.0134	-86.4643
10.012	-86.4633
10.0107	-86.4624
10.0093	-86.4615
10.008	-86.4605
10.0066	-86.4596
10.0053	-86.4587
10.0039	-86.4577
10.0026	-86.4568
10.0012	-86.4559
9.9998	-86.4549
9.9985	-86.454
9.9971	-86.4531
9.9958	-86.4521
9.9944	-86.4512
9.9931	-86.4503
9.9917	-86.4493
9.9904	-86.4484
9.989	-86.4475
9.9876	-86.4465
9.9863	-86.4456
9.9849	-86.4447
9.9836	-86.4437
9.9822	-86.4428
9.9809	-86.4419
9.9795	-86.441
9.9782	-86.44
9.9768	-86.4391
9.9754	-86.4382
9.9741	-86.4372
9.9727	-86.4363
9.9714	-86.4354
9.97	-86.4344
9.9687	-86.4335
9.9673	-86.4326
9.966	-86.4316
9.9646	-86.4307
9.9633	-86.4298
9.9619	-86.4288
9.9605	-86.4279
9.9592	-86.427
9.9578	-86.426
9.9565	-86.4251
9.9551	-86.4242
9.9538	-86.4232
9.9524	-86.4223
9.9511	-86.4214
9.9497	-86.4204
9.9483	-86.4195
9.947	-86.4186
9.9456	-86.4177
9.9443	-86.4167
9.9429	-86.4158
9.9416	-86.4149
9.9402	-86.4139
9.9389	-86.413
9.9375	-86.4121
9.9361	-86.4111
9.9348	-86.4102
9.9334	-86.4093
9.9321	-86.4083
9.9307	-86.4074
9.9294	-86.4065
9.928	-86.4055
9.9267	-86.4046
9.9253	-86.4037
9.9239	-86.4027
9.9226	-86.4018
9.9212	-86.4009
9.9193	-86.3989
9.9173	-86.3969
9.9153	-86.3949
9.9134	-86.3929
9.9114	-86.3909
9.9094	-86.3889
9.9075	-86.3869
9.9055	-86.3849
9.9035	-86.3829
9.9016	-86.3809
9.8996	-86.3789
9.8976	-86.3769
9.8957	-86.3749
9.8937	-86.3729
9.8917	-86.3709
9.8898	-86.3689
9.8878	-86.3669
9.8858	-86.3649
9.8838	-86.3629
9.8819	-86.3609
9.8799	-86.3589
9.8779	-86.3569
9.876	-86.3549
9.874	-86.3529
9.872	-86.3509
9.8701	-86.3489
9.8681	-86.3469
9.8661	-86.3449
9.8642	-86.3429
9.8622	-86.3409
9.8602	-86.3389
9.8583	-86.3369
9.8563	-86.3349
9.8543	-86.3329
9.8524	-86.3309
9.8504	-86.3289
9.8484	-86.3269
9.8465	-86.3249
9.8445	-86.3229
9.8425	-86.321
9.8406	-86.319
9.8386	-86.317
9.8366	-86.315
9.8346	-86.313
9.8327	-86.311
9.8307	-86.309
9.8287	-86.307
9.8268	-86.305
9.8248	-86.303
9.8228	-86.301
9.8209	-86.299
9.8189	-86.297
9.8169	-86.295
9.815	-86.293
9.813	-86.291
9.811	-86.289
9.8091	-86.287
9.8071	-86.285
9.8051	-86.283
9.8032	-86.281
9.8012	-86.279
9.7992	-86.277
9.7973	-86.275
9.7953	-86.273
9.7933	-86.271
9.7913	-86.269
9.7894	-86.267
9.7874	-86.265
9.7854	-86.263
9.7835	-86.261
9.7815	-86.259
9.7795	-86.257
9.7776	-86.255
9.7756	-86.253
9.7736	-86.251
9.7717	-86.249
9.7697	-86.2471
9.7677	-86.2451
9.7658	-86.2431
9.7638	-86.2411
9.7618	-86.2391
9.7599	-86.2371
9.7579	-86.2351
9.7559	-86.2331
9.7539	-86.2311
9.752	-86.2291
9.75	-86.2271
9.748	-86.2251
9.7461	-86.2231
9.7441	-86.2211
9.7421	-86.2191
9.7402	-86.2171
9.7382	-86.2151
9.7362	-86.2131
9.7343	-86.2111
9.7323	-86.2091
9.7303	-86.2071
9.7284	-86.2051
9.7264	-86.2031
9.7249	-86.2021
9.7235	-86.201
9.7221	-86.1999
9.7206	-86.1989
9.7192	-86.1978
9.7177	-86.1967
9.7163	-86.1957
9.7148	-86.1946
9.7134	-86.1935
9.7119	-86.1925
9.7105	-86.1914
9.7091	-86.1903
9.7076	-86.1893
9.7062	-86.1882
9.7047	-86.1871
9.7033	-86.1861
9.7018	-86.185
9.7004	-86.1839
9.6989	-86.1829
9.6975	-86.1818
9.6961	-86.1807
9.6946	-86.1797
9.6932	-86.1786
9.6917	-86.1775
9.6903	-86.1765
9.6888	-86.1754
9.6874	-86.1744
9.686	-86.1733
9.6845	-86.1722
9.6831	-86.1712
9.6816	-86.1701
9.6802	-86.169
9.6787	-86.168
9.6773	-86.1669
9.6758	-86.1658
9.6744	-86.1648
9.673	-86.1637
9.6715	-86.1626
9.6701	-86.1616
9.6686	-86.1605
9.6672	-86.1594
9.6657	-86.1584
9.6643	-86.1573
9.6628	-86.1562
9.6614	-86.1552
9.66	-86.1541
9.6585	-86.153
9.6571	-86.152
9.6556	-86.1509
9.6542	-86.1498
9.6527	-86.1488
9.6513	-86.1477
9.6498	-86.1467
9.6484	-86.1456
9.647	-86.1445
9.6455	-86.1435
9.6441	-86.1424
9.6426	-86.1413
9.6412	-86.1403
9.6397	-86.1392
9.6383	-86.1381
9.6369	-86.1371
9.6354	-86.136
9.634	-86.1349
9.6325	-86.1339
9.6311	-86.1328
9.6296	-86.1317
9.6282	-86.1307
9.6267	-86.1296
9.6253	-86.1285
9.6239	-86.1275
9.6224	-86.1264
9.621	-86.1253
9.6195	-86.1243
9.6181	-86.1232
9.6166	-86.1222
9.6152	-86.1211
9.6137	-86.12
9.6123	-86.119
9.6109	-86.1179
9.6094	-86.1168
9.608	-86.1158
9.6065	-86.1147
9.6051	-86.1136
9.6036	-86.1126
9.6022	-86.1115
9.6007	-86.1104
9.5993	-86.1094
9.5979	-86.1083
9.5964	-86.1072
9.595	-86.1062
9.5935	-86.1051
9.5921	-86.104
9.5906	-86.103
9.5892	-86.1019
9.5878	-86.1009
9.5863	-86.0998
9.5849	-86.0987
9.5834	-86.0977
9.5819	-86.0959
9.5804	-86.0941
9.5788	-86.0923
9.5773	-86.0906
9.5758	-86.0888
9.5742	-86.087
9.5727	-86.0852
9.5712	-86.0834
9.5696	-86.0817
9.5681	-86.0799
9.5666	-86.0781
9.565	-86.0763
9.5635	-86.0746
9.562	-86.0728
9.5604	-86.071
9.5589	-86.0692
9.5574	-86.0675
9.5558	-86.0657
9.5543	-86.0639
9.5528	-86.0621
9.5512	-86.0604
9.5497	-86.0586
9.5482	-86.0568
9.5467	-86.055
9.5451	-86.0533
9.5436	-86.0515
9.5421	-86.0497
9.5405	-86.0479
9.539	-86.0461
9.5375	-86.0444
9.5359	-86.0426
9.5344	-86.0408
9.5329	-86.039
9.5313	-86.0373
9.5298	-86.0355
9.5283	-86.0337
9.5267	-86.0319
9.5252	-86.0302
9.5237	-86.0284
9.5221	-86.0266
9.5206	-86.0248
9.5191	-86.0231
9.5175	-86.0213
9.516	-86.0195
9.5145	-86.0177
9.5129	-86.016
9.5114	-86.0142
9.5099	-86.0124
9.5083	-86.0106
9.5068	-86.0089
9.5053	-86.0071
9.5037	-86.0053
9.5022	-86.0035
9.5007	-86.0018
9.4992	-86
9.4976	-85.9982
9.4961	-85.9964
9.4946	-85.9947
9.493	-85.9929
9.4915	-85.9911
9.49	-85.9893
9.4884	-85.9876
9.4869	-85.9858
9.4854	-85.984
9.4838	-85.9822
9.4823	-85.9805
9.4808	-85.9787
9.4792	-85.9769
9.4777	-85.9751
9.4762	-85.9734
9.4746	-85.9716
9.4731	-85.9698
9.4716	-85.968
9.47	-85.9662
9.4685	-85.9645
9.467	-85.9627
9.4654	-85.9609
9.4639	-85.9591
9.4624	-85.9574
9.4608	-85.9556
9.4593	-85.9538
9.4578	-85.952
9.4562	-85.9503
9.4547	-85.9485
9.4532	-85.9467
9.4516	-85.9449
9.4501	-85.9432
9.4486	-85.9414
9.447	-85.9396
9.4455	-85.9378
9.444	-85.9361
9.4425	-85.9343
9.4409	-85.9325
9.4394	-85.9307
9.4379	-85.929
9.4363	-85.9272
9.4348	-85.9254
9.4333	-85.9236
9.4317	-85.9219
9.4303	-85.9205
9.4289	-85.919
9.4275	-85.9176
9.4261	-85.9162
9.4247	-85.9148
9.4233	-85.9133
9.4219	-85.9119
9.4205	-85.9105
9.4191	-85.9091
9.4177	-85.9077
9.4163	-85.9062
9.4149	-85.9048
9.4135	-85.9034
9.4121	-85.902
9.4107	-85.9006
9.4093	-85.8991
9.4079	-85.8977
9.4065	-85.8963
9.4051	-85.8949
9.4037	-85.8935
9.4023	-85.892
9.4009	-85.8906
9.3995	-85.8892
9.3981	-85.8878
9.3967	-85.8864
9.3953	-85.8849
9.3939	-85.8835
9.3925	-85.8821
9.3911	-85.8807
9.3897	-85.8792
9.3883	-85.8778
9.3869	-85.8764
9.3855	-85.875
9.3841	-85.8736
9.3827	-85.8721
9.3813	-85.8707
9.3799	-85.8693
9.3785	-85.8679
9.3771	-85.8665
9.3757	-85.865
9.3743	-85.8636
9.3729	-85.8622
9.3715	-85.8608
9.3701	-85.8594
9.3687	-85.8579
9.3673	-85.8565
9.3659	-85.8551
9.3645	-85.8537
9.3631	-85.8523
9.3617	-85.8508
9.3603	-85.8494
9.3588	-85.848
9.3574	-85.8466
9.356	-85.8452
9.3546	-85.8437
9.3532	-85.8423
9.3518	-85.8409
9.3504	-85.8395
9.349	-85.8381
9.3476	-85.8366
9.3462	-85.8352
9.3448	-85.8338
9.3434	-85.8324
9.342	-85.831
9.3406	-85.8295
9.3392	-85.8281
9.3378	-85.8267
9.3364	-85.8253
9.335	-85.8239
9.3336	-85.8224
9.3322	-85.821
9.3308	-85.8196
9.3294	-85.8182
9.328	-85.8168
9.3266	-85.8153
9.3252	-85.8139
9.3238	-85.8125
9.3224	-85.8111
9.321	-85.8097
9.3196	-85.8082
9.3182	-85.8068
9.3168	-85.8054
9.3154	-85.804
9.314	-85.8025
9.3126	-85.8011
9.3112	-85.7997
9.3098	-85.7983
9.3084	-85.7969
9.307	-85.7954
9.3056	-85.794
9.3042	-85.7926
9.3028	-85.7912
9.3014	-85.7898
9.3	-85.7883
9.2986	-85.7869
9.2972	-85.7855
9.2958	-85.7841
9.2944	-85.7827
9.293	-85.7813
9.2918	-85.7801
9.2907	-85.7789
9.2896	-85.7777
9.2884	-85.7765
9.2873	-85.7753
9.2861	-85.7741
9.285	-85.7729
9.2839	-85.7717
9.2827	-85.7705
9.2816	-85.7693
9.2804	-85.7681
9.2793	-85.7669
9.2782	-85.7657
9.277	-85.7645
9.2759	-85.7633
9.2747	-85.7621
9.2736	-85.7609
9.2725	-85.7597
9.2713	-85.7585
9.2702	-85.7573
9.2691	-85.7561
9.2679	-85.7549
9.2668	-85.7537
9.2656	-85.7525
9.2645	-85.7513
9.2634	-85.7501
9.2622	-85.7489
9.2611	-85.7477
9.2599	-85.7465
9.2588	-85.7453
9.2577	-85.7441
9.2565	-85.7429
9.2554	-85.7417
9.2542	-85.7405
9.2531	-85.7393
9.252	-85.7381
9.2508	-85.7369
9.2497	-85.7357
9.2485	-85.7345
9.2474	-85.7333
9.2463	-85.7321
9.2451	-85.7309
9.244	-85.7297
9.2429	-85.7285
9.2417	-85.7273
9.2406	-85.7261
9.2394	-85.7249
9.2383	-85.7237
9.2372	-85.7225
9.236	-85.7213
9.2349	-85.7201
9.2337	-85.7189
9.2326	-85.7177
9.2315	-85.7165
9.2303	-85.7153
9.2292	-85.7141
9.228	-85.7129
9.2269	-85.7117
9.2258	-85.7105
9.2246	-85.7093
9.2235	-85.7081
9.2223	-85.7069
9.2212	-85.7057
9.2201	-85.7045
9.2189	-85.7033
9.2178	-85.7021
9.2167	-85.7009
9.2155	-85.6997
9.2144	-85.6985
9.2132	-85.6973
9.2121	-85.6961
9.211	-85.6949
9.2098	-85.6938
9.2087	-85.6926
9.2075	-85.6914
9.2064	-85.6902
9.2053	-85.689
9.2041	-85.6878
9.203	-85.6866
9.2018	-85.6854
9.2007	-85.6842
9.1996	-85.683
9.1984	-85.6818
9.1973	-85.6806
9.1961	-85.6794
9.195	-85.6782
9.1939	-85.677
9.1927	-85.6758
9.1916	-85.6746
9.1904	-85.6734
9.1893	-85.6722
9.1882	-85.671
9.187	-85.6698
9.1859	-85.6686
9.1848	-85.6674
9.1836	-85.6662
9.1825	-85.665
9.1813	-85.6638
9.1802	-85.6626
9.1797	-85.6614
9.1791	-85.6602
9.1786	-85.659
9.1781	-85.6578
9.1776	-85.6566
9.177	-85.6554
9.1765	-85.6542
9.176	-85.653
9.1755	-85.6518
9.1749	-85.6506
9.1744	-85.6494
9.1739	-85.6482
9.1734	-85.647
9.1728	-85.6458
9.1723	-85.6446
9.1718	-85.6434
9.1713	-85.6422
9.1707	-85.641
9.1702	-85.6398
9.1697	-85.6386
9.1692	-85.6374
9.1686	-85.6362
9.1681	-85.635
9.1676	-85.6338
9.1671	-85.6326
9.1665	-85.6314
9.166	-85.6302
9.1655	-85.629
9.1649	-85.6278
9.1644	-85.6266
9.1639	-85.6254
9.1634	-85.6242
9.1628	-85.623
9.1623	-85.6218
9.1618	-85.6206
9.1613	-85.6194
9.1607	-85.6182
9.1602	-85.6171
9.1597	-85.6159
9.1592	-85.6147
9.1586	-85.6135
9.1581	-85.6123
9.1576	-85.6111
9.1571	-85.6099
9.1565	-85.6087
9.156	-85.6075
9.1555	-85.6063
9.155	-85.6051
9.1544	-85.6039
9.1539	-85.6027
9.1534	-85.6015
9.1529	-85.6003
9.1523	-85.5991
9.1518	-85.5979
9.1513	-85.5967
9.1507	-85.5955
9.1502	-85.5943
9.1497	-85.5931
9.1492	-85.5919
9.1486	-85.5907
9.1481	-85.5895
9.1476	-85.5883
9.1471	-85.5871
9.1465	-85.5859
9.146	-85.5847
9.1455	-85.5835
9.145	-85.5823
9.1444	-85.5811
9.1439	-85.5799
9.1434	-85.5787
9.1429	-85.5775
9.1423	-85.5763
9.1418	-85.5751
9.1413	-85.5739
9.1408	-85.5727
9.1402	-85.5715
9.1397	-85.5703
9.1392	-85.5691
9.1387	-85.5679
9.1381	-85.5667
9.1376	-85.5655
9.1371	-85.5643
9.1365	-85.5631
9.136	-85.5619
9.1355	-85.5607
9.135	-85.5595
9.1344	-85.5583
9.1339	-85.5571
9.1334	-85.5559
9.1329	-85.5547
9.1323	-85.5535
9.1318	-85.5523
9.1313	-85.5511
9.1308	-85.5499
9.1302	-85.5487
9.1297	-85.5475
9.1292	-85.5463
9.1287	-85.5451
9.1281	-85.5439
9.1283	-85.5428
9.1285	-85.5416
9.1287	-85.5405
9.1288	-85.5393
9.129	-85.5382
9.1292	-85.537
9.1294	-85.5359
9.1295	-85.5347
9.1297	-85.5336
9.1299	-85.5324
9.1301	-85.5313
9.1302	-85.5301
9.1304	-85.5289
9.1306	-85.5278
9.1308	-85.5266
9.1309	-85.5255
9.1311	-85.5243
9.1313	-85.5232
9.1315	-85.522
9.1316	-85.5209
9.1318	-85.5197
9.132	-85.5186
9.1322	-85.5174
9.1323	-85.5162
9.1325	-85.5151
9.1327	-85.5139
9.1329	-85.5128
9.133	-85.5116
9.1332	-85.5105
9.1334	-85.5093
9.1336	-85.5082
9.1337	-85.507
9.1339	-85.5059
9.1341	-85.5047
9.1343	-85.5036
9.1344	-85.5024
9.1346	-85.5012
9.1348	-85.5001
9.135	-85.4989
9.1351	-85.4978
9.1353	-85.4966
9.1355	-85.4955
9.1357	-85.4943
9.1358	-85.4932
9.136	-85.492
9.1362	-85.4909
9.1364	-85.4897
9.1366	-85.4885
9.1367	-85.4874
9.1369	-85.4862
9.1371	-85.4851
9.1373	-85.4839
9.1374	-85.4828
9.1376	-85.4816
9.1378	-85.4805
9.138	-85.4793
9.1381	-85.4782
9.1383	-85.477
9.1385	-85.4759
9.1387	-85.4747
9.1388	-85.4735
9.139	-85.4724
9.1392	-85.4712
9.1394	-85.4701
9.1395	-85.4689
9.1397	-85.4678
9.1399	-85.4666
9.1401	-85.4655
9.1402	-85.4643
9.1404	-85.4632
9.1406	-85.462
9.1408	-85.4608
9.1409	-85.4597
9.1411	-85.4585
9.1413	-85.4574
9.1415	-85.4562
9.1416	-85.4551
9.1418	-85.4539
9.142	-85.4528
9.1422	-85.4516
9.1423	-85.4505
9.1425	-85.4493
9.1427	-85.4482
9.1429	-85.447
9.143	-85.4458
9.1432	-85.4447
9.1434	-85.4435
9.1436	-85.4424
9.1437	-85.4412
9.1439	-85.4401
9.1441	-85.4389
9.1443	-85.4378
9.1444	-85.4366
9.1446	-85.4355
9.1448	-85.4343
9.145	-85.4332
9.1451	-85.432
9.1453	-85.4308
9.1455	-85.4297
9.1457	-85.4287
9.1458	-85.4277
9.146	-85.4268
9.1462	-85.4258
9.1464	-85.4248
9.1465	-85.4238
9.1467	-85.4229
9.1469	-85.4219
9.1471	-85.4209
9.1472	-85.4199
9.1474	-85.4189
9.1476	-85.418
9.1478	-85.417
9.1479	-85.416
9.1481	-85.415
9.1483	-85.4141
9.1485	-85.4131
9.1486	-85.4121
9.1488	-85.4111
9.149	-85.4102
9.1492	-85.4092
9.1493	-85.4082
9.1495	-85.4072
9.1497	-85.4063
9.1499	-85.4053
9.15	-85.4043
9.1502	-85.4033
9.1504	-85.4023
9.1506	-85.4014
9.1507	-85.4004
9.1509	-85.3994
9.1511	-85.3984
9.1513	-85.3975
9.1514	-85.3965
9.1516	-85.3955
9.1518	-85.3945
9.152	-85.3936
9.1522	-85.3926
9.1523	-85.3916
9.1525	-85.3906
9.1527	-85.3896
9.1529	-85.3887
9.153	-85.3877
9.1532	-85.3867
9.1534	-85.3857
9.1536	-85.3848
9.1537	-85.3838
9.1539	-85.3828
9.1541	-85.3818
9.1543	-85.3809
9.1544	-85.3799
9.1546	-85.3789
9.1548	-85.3779
9.155	-85.377
9.1551	-85.376
9.1553	-85.375
9.1555	-85.374
9.1557	-85.373
9.1558	-85.3721
9.156	-85.3711
9.1562	-85.3701
9.1564	-85.3691
9.1565	-85.3682
9.1567	-85.3672
9.1569	-85.3662
9.1571	-85.3652
9.1572	-85.3643
9.1574	-85.3633
9.1576	-85.3623
9.1578	-85.3613
9.1579	-85.3604
9.1581	-85.3594
9.1583	-85.3584
9.1585	-85.3574
9.1586	-85.3564
9.1588	-85.3555
9.159	-85.3545
9.1592	-85.3535
9.1593	-85.3525
9.1595	-85.3516
9.1597	-85.3506
9.1599	-85.3496
9.16	-85.3486
9.1602	-85.3477
9.1604	-85.3467
9.1606	-85.3457
9.1607	-85.3447
9.1609	-85.3438
9.1611	-85.3428
9.1613	-85.3418
9.1614	-85.3408
9.1616	-85.3398
9.1618	-85.3389
9.162	-85.3379
9.1621	-85.3369
9.1623	-85.3359
9.1625	-85.335
9.1627	-85.334
9.1628	-85.333
9.1627	-85.3323
9.1626	-85.3317
9.1624	-85.331
9.1623	-85.3303
9.1622	-85.3297
9.1621	-85.329
9.1619	-85.3283
9.1618	-85.3277
9.1617	-85.327
9.1615	-85.3263
9.1614	-85.3257
9.1613	-85.325
9.1611	-85.3244
9.161	-85.3237
9.1609	-85.323
9.1607	-85.3224
9.1606	-85.3217
9.1605	-85.321
9.1603	-85.3204
9.1602	-85.3197
9.1601	-85.319
9.1599	-85.3184
9.1598	-85.3177
9.1597	-85.317
9.1596	-85.3164
9.1594	-85.3157
9.1593	-85.315
9.1592	-85.3144
9.159	-85.3137
9.1589	-85.313
9.1588	-85.3124
9.1586	-85.3117
9.1585	-85.311
9.1584	-85.3104
9.1582	-85.3097
9.1581	-85.309
9.158	-85.3084
9.1578	-85.3077
9.1577	-85.307
9.1576	-85.3064
9.1575	-85.3057
9.1573	-85.305
9.1572	-85.3044
9.1571	-85.3037
9.1569	-85.303
9.1568	-85.3024
9.1567	-85.3017
9.1565	-85.301
9.1564	-85.3004
9.1563	-85.2997
9.1561	-85.299
9.156	-85.2984
9.1559	-85.2977
9.1557	-85.2971
9.1556	-85.2964
9.1555	-85.2957
9.1553	-85.2951
9.1552	-85.2944
9.1551	-85.2937
9.155	-85.2931
9.1548	-85.2924
9.1547	-85.2917
9.1546	-85.2911
9.1544	-85.2904
9.1543	-85.2897
9.1542	-85.2891
9.154	-85.2884
9.1539	-85.2877
9.1538	-85.2871
9.1536	-85.2864
9.1535	-85.2857
9.1534	-85.2851
9.1532	-85.2844
9.1531	-85.2837
9.153	-85.2831
9.1528	-85.2824
9.1527	-85.2817
9.1526	-85.2811
9.1525	-85.2804
9.1523	-85.2797
9.1522	-85.2791
9.1521	-85.2784
9.1519	-85.2777
9.1518	-85.2771
9.1517	-85.2764
9.1515	-85.2757
9.1514	-85.2751
9.1513	-85.2744
9.1511	-85.2737
9.151	-85.2731
9.1509	-85.2724
9.1507	-85.2718
9.1506	-85.2711
9.1505	-85.2704
9.1504	-85.2698
9.1502	-85.2691
9.1501	-85.2684
9.15	-85.2678
9.1498	-85.2671
9.1488	-85.2662
9.1477	-85.2653
9.1467	-85.2644
9.1456	-85.2635
9.1446	-85.2626
9.1435	-85.2618
9.1425	-85.2609
9.1414	-85.26
9.1404	-85.2591
9.1393	-85.2582
9.1383	-85.2573
9.1372	-85.2564
9.1362	-85.2555
9.1351	-85.2547
9.134	-85.2538
9.133	-85.2529
9.1319	-85.252
9.1309	-85.2511
9.1298	-85.2502
9.1288	-85.2493
9.1277	-85.2484
9.1267	-85.2476
9.1256	-85.2467
9.1246	-85.2458
9.1235	-85.2449
9.1225	-85.244
9.1214	-85.2431
9.1204	-85.2422
9.1193	-85.2413
9.1183	-85.2405
9.1172	-85.2396
9.1162	-85.2387
9.1151	-85.2378
9.1141	-85.2369
9.113	-85.236
9.112	-85.2351
9.1109	-85.2342
9.1099	-85.2333
9.1088	-85.2325
9.1077	-85.2316
9.1067	-85.2307
9.1056	-85.2298
9.1046	-85.2289
9.1035	-85.228
9.1025	-85.2271
9.1014	-85.2262
9.1004	-85.2254
9.0993	-85.2245
9.0983	-85.2236
9.0972	-85.2227
9.0962	-85.2218
9.0951	-85.2209
9.0941	-85.22
9.093	-85.2191
9.092	-85.2183
9.0909	-85.2174
9.0899	-85.2165
9.0888	-85.2156
9.0878	-85.2147
9.0867	-85.2138
9.0857	-85.2129
9.0846	-85.212
9.0836	-85.2112
9.0825	-85.2103
9.0815	-85.2094
9.0804	-85.2085
9.0793	-85.2076
9.0783	-85.2067
9.0772	-85.2058
9.0762	-85.2049
9.0751	-85.2041
9.0741	-85.2032
9.073	-85.2023
9.072	-85.2014
9.0709	-85.2005
9.0699	-85.1996
9.0688	-85.1987
9.0678	-85.1978
9.0667	-85.197
9.0657	-85.1961
9.0646	-85.1952
9.0636	-85.1943
9.0625	-85.1934
9.0615	-85.1925
9.0604	-85.1916
9.0594	-85.1907
9.0583	-85.1898
9.0573	-85.189
9.0562	-85.1881
9.0552	-85.1872
9.0541	-85.1863
9.053	-85.1854
9.052	-85.1845
9.0509	-85.1836
9.0499	-85.1827
9.0488	-85.1819
9.0478	-85.181
9.0467	-85.1801
9.0457	-85.1792
9.0452	-85.1781
9.0446	-85.177
9.0441	-85.1759
9.0436	-85.1748
9.0431	-85.1736
9.0425	-85.1725
9.042	-85.1714
9.0415	-85.1703
9.0409	-85.1692
9.0404	-85.1681
9.0399	-85.167
9.0394	-85.1659
9.0388	-85.1648
9.0383	-85.1637
9.0378	-85.1626
9.0373	-85.1614
9.0367	-85.1603
9.0362	-85.1592
9.0357	-85.1581
9.0352	-85.157
9.0346	-85.1559
9.0341	-85.1548
9.0336	-85.1537
9.0331	-85.1526
9.0325	-85.1515
9.032	-85.1503
9.0315	-85.1492
9.031	-85.1481
9.0304	-85.147
9.0299	-85.1459
9.0294	-85.1448
9.0289	-85.1437
9.0283	-85.1426
9.0278	-85.1415
9.0273	-85.1404
9.0267	-85.1392
9.0262	-85.1381
9.0257	-85.137
9.0252	-85.1359
9.0246	-85.1348
9.0241	-85.1337
9.0236	-85.1326
9.0231	-85.1315
9.0225	-85.1304
9.022	-85.1293
9.0215	-85.1281
9.021	-85.127
9.0204	-85.1259
9.0199	-85.1248
9.0194	-85.1237
9.0189	-85.1226
9.0183	-85.1215
9.0178	-85.1204
9.0173	-85.1193
9.0168	-85.1182
9.0162	-85.1171
9.0157	-85.1159
9.0152	-85.1148
9.0146	-85.1137
9.0141	-85.1126
9.0136	-85.1115
9.0131	-85.1104
9.0125	-85.1093
9.012	-85.1082
9.0115	-85.1071
9.011	-85.106
9.0104	-85.1048
9.0099	-85.1037
9.0094	-85.1026
9.0089	-85.1015
9.0083	-85.1004
9.0078	-85.0993
9.0073	-85.0982
9.0068	-85.0971
9.0062	-85.096
9.0057	-85.0949
9.0052	-85.0937
9.0047	-85.0926
9.0041	-85.0915
9.0036	-85.0904
9.0031	-85.0893
9.0025	-85.0882
9.002	-85.0871
9.0015	-85.086
9.001	-85.0849
9.0004	-85.0838
8.9999	-85.0827
8.9994	-85.0815
8.9989	-85.0804
8.9983	-85.0793
8.9978	-85.0782
8.9973	-85.0771
8.9968	-85.076
8.9962	-85.0749
8.9957	-85.0738
8.9952	-85.0727
8.9947	-85.0716
8.9941	-85.0704
8.9936	-85.0693
8.9931	-85.0684
8.9926	-85.0674
8.9922	-85.0664
8.9917	-85.0654
8.9912	-85.0645
8.9907	-85.0635
8.9902	-85.0625
8.9897	-85.0615
8.9893	-85.0605
8.9888	-85.0596
8.9883	-85.0586
8.9878	-85.0576
8.9873	-85.0566
8.9868	-85.0557
8.9864	-85.0547
8.9859	-85.0537
8.9854	-85.0527
8.9849	-85.0518
8.9844	-85.0508
8.984	-85.0498
8.9835	-85.0488
8.983	-85.0478
8.9825	-85.0469
8.982	-85.0459
8.9815	-85.0449
8.9811	-85.0439
8.9806	-85.043
8.9801	-85.042
8.9796	-85.041
8.9791	-85.04
8.9787	-85.0391
8.9782	-85.0381
8.9777	-85.0371
8.9772	-85.0361
8.9767	-85.0352
8.9762	-85.0342
8.9758	-85.0332
8.9753	-85.0322
8.9748	-85.0312
8.9743	-85.0303
8.9738	-85.0293
8.9733	-85.0283
8.9729	-85.0273
8.9724	-85.0264
8.9719	-85.0254
8.9714	-85.0244
8.9709	-85.0234
8.9705	-85.0225
8.97	-85.0215
8.9695	-85.0205
8.969	-85.0195
8.9685	-85.0186
8.968	-85.0176
8.9676	-85.0166
8.9671	-85.0156
8.9666	-85.0146
8.9661	-85.0137
8.9656	-85.0127
8.9651	-85.0117
8.9647	-85.0107
8.9642	-85.0098
8.9637	-85.0088
8.9632	-85.0078
8.9627	-85.0068
8.9623	-85.0059
8.9618	-85.0049
8.9613	-85.0039
8.9608	-85.0029
8.9603	-85.002
8.9598	-85.001
8.9594	-85
8.9589	-84.999
8.9584	-84.998
8.9579	-84.9971
8.9574	-84.9961
8.9569	-84.9951
8.9565	-84.9941
8.956	-84.9932
8.9555	-84.9922
8.955	-84.9912
8.9545	-84.9902
8.9541	-84.9893
8.9536	-84.9883
8.9531	-84.9873
8.9526	-84.9863
8.9521	-84.9854
8.9516	-84.9844
8.9512	-84.9834
8.9507	-84.9824
8.9502	-84.9814
8.9497	-84.9805
8.9492	-84.9795
8.9487	-84.9785
8.9483	-84.9775
8.9478	-84.9766
8.9473	-84.9756
8.9468	-84.9746
8.9463	-84.9736
8.9459	-84.9727
8.9459	-84.9719
8.9459	-84.9711
8.9459	-84.9703
8.9459	-84.9695
8.9459	-84.9687
8.9459	-84.9679
8.9459	-84.9671
8.9459	-84.9663
8.9459	-84.9655
8.9459	-84.9647
8.9459	-84.9639
8.9459	-84.9631
8.9459	-84.9623
8.9459	-84.9615
8.9459	-84.9607
8.9459	-84.9599
8.9459	-84.9591
8.9459	-84.9583
8.9459	-84.9575
8.9459	-84.9567
8.9459	-84.9559
8.9459	-84.9551
8.9459	-84.9543
8.9459	-84.9535
8.9459	-84.9527
8.9459	-84.9519
8.9459	-84.9511
8.9459	-84.9503
8.9459	-84.9495
8.9459	-84.9487
8.9459	-84.9479
8.9459	-84.9471
8.9459	-84.9463
8.9459	-84.9455
8.9459	-84.9447
8.9459	-84.9439
8.9459	-84.9431
8.9459	-84.9423
8.9459	-84.9415
8.9459	-84.9407
8.9459	-84.9399
8.9459	-84.9391
8.9459	-84.9383
8.9459	-84.9375
8.9459	-84.9367
8.9459	-84.9359
8.9459	-84.9351
8.9459	-84.9343
8.9459	-84.9335
8.9459	-84.9327
8.9459	-84.9319
8.9459	-84.9311
8.9459	-84.9303
8.9459	-84.9295
8.9459	-84.9287
8.9459	-84.9279
8.9459	-84.9271
8.9459	-84.9263
8.9459	-84.9255
8.9459	-84.9247
8.9459	-84.9239
8.9459	-84.9231
8.9459	-84.9223
8.9459	-84.9215
8.9459	-84.9207
8.9459	-84.9199
8.9459	-84.9191
8.9459	-84.9183
8.9459	-84.9175
8.9459	-84.9167
8.9459	-84.9159
8.9459	-84.9151
8.9459	-84.9143
8.9459	-84.9135
8.9459	-84.9127
8.9459	-84.9119
8.9459	-84.9111
8.9459	-84.9103
8.9459	-84.9095
8.9459	-84.9087
8.9459	-84.9079
8.9459	-84.9071
8.9459	-84.9063
8.9459	-84.9055
8.9459	-84.9047
8.9459	-84.9039
8.9459	-84.9031
8.9459	-84.9023
8.9459	-84.9015
8.9459	-84.9007
8.9459	-84.8999
8.9459	-84.8991
8.9459	-84.8983
8.9459	-84.8975
8.9459	-84.8968
8.9459	-84.896
8.9459	-84.8952
8.9459	-84.8944
8.9459	-84.8936
8.9452	-84.8929
8.9446	-84.8922
8.944	-84.8916
8.9434	-84.8909
8.9428	-84.8902
8.9422	-84.8896
8.9416	-84.8889
8.9409	-84.8882
8.9403	-84.8876
8.9397	-84.8869
8.9391	-84.8862
8.9385	-84.8856
8.9379	-84.8849
8.9373	-84.8842
8.9366	-84.8836
8.936	-84.8829
8.9354	-84.8822
8.9348	-84.8816
8.9342	-84.8809
8.9336	-84.8802
8.933	-84.8796
8.9323	-84.8789
8.9317	-84.8782
8.9311	-84.8776
8.9305	-84.8769
8.9299	-84.8762
8.9293	-84.8756
8.9287	-84.8749
8.928	-84.8742
8.9274	-84.8736
8.9268	-84.8729
8.9262	-84.8722
8.9256	-84.8716
8.925	-84.8709
8.9244	-84.8702
8.9238	-84.8696
8.9231	-84.8689
8.9225	-84.8683
8.9219	-84.8676
8.9213	-84.8669
8.9207	-84.8663
8.9201	-84.8656
8.9195	-84.8649
8.9188	-84.8643
8.9182	-84.8636
8.9176	-84.8629
8.917	-84.8623
8.9164	-84.8616
8.9158	-84.8609
8.9152	-84.8603
8.9145	-84.8596
8.9139	-84.8589
8.9133	-84.8583
8.9127	-84.8576
8.9121	-84.8569
8.9115	-84.8563
8.9109	-84.8556
8.9102	-84.8549
8.9096	-84.8543
8.909	-84.8536
8.9084	-84.8529
8.9078	-84.8523
8.9072	-84.8516
8.9066	-84.8509
8.9059	-84.8503
8.9053	-84.8496
8.9047	-84.8489
8.9041	-84.8483
8.9035	-84.8476
8.9029	-84.8469
8.9023	-84.8463
8.9016	-84.8456
8.901	-84.8449
8.9004	-84.8443
8.8998	-84.8436
8.8992	-84.8429
8.8986	-84.8423
8.898	-84.8416
8.8974	-84.841
8.8967	-84.8403
8.8961	-84.8396
8.8955	-84.839
8.8949	-84.8383
8.8943	-84.8376
8.8937	-84.837
8.8931	-84.8363
8.8924	-84.8356
8.8918	-84.835
8.8912	-84.8343
8.8906	-84.8336
8.89	-84.833
8.8894	-84.8323
8.8888	-84.8316
8.8881	-84.831
8.8875	-84.8303
8.8869	-84.8296
8.8863	-84.829
8.8857	-84.8283
8.8851	-84.8276
8.8851	-84.8268
8.8852	-84.8259
8.8852	-84.8251
8.8852	-84.8243
8.8853	-84.8234
8.8853	-84.8226
8.8854	-84.8217
8.8854	-84.8209
8.8855	-84.82
8.8855	-84.8192
8.8856	-84.8184
8.8856	-84.8175
8.8856	-84.8167
8.8857	-84.8158
8.8857	-84.815
8.8858	-84.8141
8.8858	-84.8133
8.8859	-84.8125
8.8859	-84.8116
8.886	-84.8108
8.886	-84.8099
8.886	-84.8091
8.8861	-84.8082
8.8861	-84.8074
8.8862	-84.8066
8.8862	-84.8057
8.8863	-84.8049
8.8863	-84.804
8.8863	-84.8032
8.8864	-84.8023
8.8864	-84.8015
8.8865	-84.8006
8.8865	-84.7998
8.8866	-84.799
8.8866	-84.7981
8.8867	-84.7973
8.8867	-84.7964
8.8867	-84.7956
8.8868	-84.7947
8.8868	-84.7939
8.8869	-84.7931
8.8869	-84.7922
8.887	-84.7914
8.887	-84.7905
8.887	-84.7897
8.8871	-84.7888
8.8871	-84.788
8.8872	-84.7872
8.8872	-84.7863
8.8873	-84.7855
8.8873	-84.7846
8.8874	-84.7838
8.8874	-84.7829
8.8874	-84.7821
8.8875	-84.7813
8.8875	-84.7804
8.8876	-84.7796
8.8876	-84.7787
8.8877	-84.7779
8.8877	-84.777
8.8877	-84.7762
8.8878	-84.7753
8.8878	-84.7745
8.8879	-84.7737
8.8879	-84.7728
8.888	-84.772
8.888	-84.7711
8.8881	-84.7703
8.8881	-84.7694
8.8881	-84.7686
8.8882	-84.7678
8.8882	-84.7669
8.8883	-84.7661
8.8883	-84.7652
8.8884	-84.7644
8.8884	-84.7635
8.8885	-84.7627
8.8885	-84.7619
8.8885	-84.761
8.8886	-84.7602
8.8886	-84.7593
8.8887	-84.7585
8.8887	-84.7576
8.8888	-84.7568
8.8888	-84.7559
8.8888	-84.7551
8.8889	-84.7543
8.8889	-84.7534
8.889	-84.7526
8.889	-84.7517
8.8891	-84.7509
8.8891	-84.75
8.8892	-84.7492
8.8892	-84.7484
8.8892	-84.7475
8.8893	-84.7467
8.8893	-84.7458
8.8894	-84.745
8.8894	-84.7441
8.8895	-84.7433
8.8895	-84.7425
8.8895	-84.7416
8.8896	-84.7408
8.8896	-84.7399
8.8897	-84.7391
8.8897	-84.7382
8.8898	-84.7374
8.8898	-84.7366
8.8899	-84.7357
8.8899	-84.7349
8.8899	-84.734
8.89	-84.7332
8.89	-84.7323
8.8901	-84.7315
8.8901	-84.7306
8.8902	-84.7298
8.8902	-84.729
8.8902	-84.7281
8.8903	-84.7273
8.8903	-84.7264
8.8904	-84.7256
8.8904	-84.7247
8.8905	-84.7239
8.8905	-84.7231
8.8906	-84.7222
8.8906	-84.7214
8.8906	-84.7205
8.8907	-84.7197
8.8907	-84.7188
8.8908	-84.718
8.8908	-84.7172
8.8909	-84.7163
8.8909	-84.7155
8.891	-84.7146
8.891	-84.7138
8.891	-84.7129
8.8911	-84.7121
8.8911	-84.7112
8.8912	-84.7104
8.8912	-84.7096
8.8913	-84.7087
8.8913	-84.7079
8.8913	-84.707
8.8914	-84.7062
8.8914	-84.7053
8.8915	-84.7045
8.8915	-84.7037
8.8916	-84.7028
8.8916	-84.702
8.8917	-84.7011
8.8917	-84.7003
8.8917	-84.6994
8.8918	-84.6986
8.8918	-84.6978
8.8919	-84.6969
8.8919	-84.6961
8.892	-84.6952
8.892	-84.6944
8.892	-84.6935
8.8921	-84.6927
8.8921	-84.6919
8.8922	-84.691
8.8922	-84.6902
8.8923	-84.6893
8.8923	-84.6885
8.8924	-84.6876
8.8924	-84.6868
8.8924	-84.6859
8.8925	-84.6851
8.8925	-84.6843
8.8926	-84.6834
8.8926	-84.6826
8.8927	-84.6817
8.8927	-84.6809
8.8927	-84.68
8.8928	-84.6792
8.8928	-84.6784
8.8929	-84.6775
8.8929	-84.6767
8.893	-84.6758
8.893	-84.675
8.8931	-84.6741
8.8931	-84.6733
8.8931	-84.6725
8.8932	-84.6716
8.8932	-84.6708
8.8933	-84.6699
8.8933	-84.6691
8.8934	-84.6682
8.8934	-84.6674
8.8934	-84.6665
8.8935	-84.6657
8.8935	-84.6649
8.8936	-84.664
8.8936	-84.6632
8.8937	-84.6623
8.8937	-84.6615
8.8938	-84.6606
8.8935	-84.6602
8.8933	-84.6598
8.8931	-84.6593
8.8929	-84.6589
8.8927	-84.6584
8.8924	-84.658
8.8922	-84.6575
8.892	-84.6571
8.8918	-84.6566
8.8916	-84.6562
8.8913	-84.6558
8.8911	-84.6553
8.8909	-84.6549
8.8907	-84.6544
8.8905	-84.654
8.8902	-84.6535
8.89	-84.6531
8.8898	-84.6527
8.8896	-84.6522
8.8894	-84.6518
8.8892	-84.6513
8.8889	-84.6509
8.8887	-84.6504
8.8885	-84.65
8.8883	-84.6495
8.8881	-84.6491
8.8878	-84.6487
8.8876	-84.6482
8.8874	-84.6478
8.8872	-84.6473
8.887	-84.6469
8.8867	-84.6464
8.8865	-84.646
8.8863	-84.6456
8.8861	-84.6451
8.8859	-84.6447
8.8856	-84.6442
8.8854	-84.6438
8.8852	-84.6433
8.885	-84.6429
8.8848	-84.6424
8.8845	-84.642
8.8843	-84.6416
8.8841	-84.6411
8.8839	-84.6407
8.8837	-84.6402
8.8834	-84.6398
8.8832	-84.6393
8.883	-84.6389
8.8828	-84.6384
8.8826	-84.638
8.8824	-84.6376
8.8821	-84.6371
8.8819	-84.6367
8.8817	-84.6362
8.8815	-84.6358
8.8813	-84.6353
8.881	-84.6349
8.8808	-84.6345
8.8806	-84.634
8.8804	-84.6336
8.8802	-84.6331
8.8799	-84.6327
8.8797	-84.6322
8.8795	-84.6318
8.8793	-84.6313
8.8791	-84.6309
8.8788	-84.6305
8.8786	-84.63
8.8784	-84.6296
8.8782	-84.6291
8.878	-84.6287
8.8777	-84.6282
8.8775	-84.6278
8.8773	-84.6274
8.8771	-84.6269
8.8769	-84.6265
8.8767	-84.626
8.8764	-84.6256
8.8762	-84.6251
8.876	-84.6247
8.8758	-84.6242
8.8756	-84.6238
8.8753	-84.6234
8.8751	-84.6229
8.8749	-84.6225
8.8747	-84.622
8.8745	-84.6216
8.8742	-84.6211
8.874	-84.6207
8.8738	-84.6203
8.8736	-84.6198
8.8734	-84.6194
8.8731	-84.6189
8.8729	-84.6185
8.8727	-84.618
8.8725	-84.6176
8.8723	-84.6171
8.872	-84.6167
8.8712	-84.6163
8.8704	-84.6158
8.8695	-84.6154
8.8687	-84.6149
8.8679	-84.6145
8.867	-84.614
8.8662	-84.6136
8.8654	-84.6131
8.8645	-84.6127
8.8637	-84.6123
8.8629	-84.6118
8.862	-84.6114
8.8612	-84.6109
8.8604	-84.6105
8.8595	-84.61
8.8587	-84.6096
8.8579	-84.6092
8.857	-84.6087
8.8562	-84.6083
8.8554	-84.6078
8.8545	-84.6074
8.8537	-84.6069
8.8529	-84.6065
8.852	-84.606
8.8512	-84.6056
8.8504	-84.6052
8.8495	-84.6047
8.8487	-84.6043
8.8479	-84.6038
8.847	-84.6034
8.8462	-84.6029
8.8454	-84.6025
8.8445	-84.602
8.8437	-84.6016
8.8429	-84.6012
8.842	-84.6007
8.8412	-84.6003
8.8404	-84.5998
8.8395	-84.5994
8.8387	-84.5989
8.8379	-84.5985
8.837	-84.5981
8.8362	-84.5976
8.8354	-84.5972
8.8345	-84.5967
8.8337	-84.5963
8.8329	-84.5958
8.832	-84.5954
8.8312	-84.5949
8.8304	-84.5945
8.8295	-84.5941
8.8287	-84.5936
8.8279	-84.5932
8.827	-84.5927
8.8262	-84.5923
8.8254	-84.5918
8.8245	-84.5914
8.8237	-84.591
8.8229	-84.5905
8.822	-84.5901
8.8212	-84.5896
8.8204	-84.5892
8.8195	-84.5887
8.8187	-84.5883
8.8179	-84.5878
8.817	-84.5874
8.8162	-84.587
8.8154	-84.5865
8.8145	-84.5861
8.8137	-84.5856
8.8129	-84.5852
8.812	-84.5847
8.8112	-84.5843
8.8104	-84.5838
8.8095	-84.5834
8.8087	-84.583
8.8079	-84.5825
8.807	-84.5821
8.8062	-84.5816
8.8054	-84.5812
8.8045	-84.5807
8.8037	-84.5803
8.8029	-84.5799
8.802	-84.5794
8.8012	-84.579
8.8004	-84.5785
8.7995	-84.5781
8.7987	-84.5776
8.7979	-84.5772
8.797	-84.5767
8.7962	-84.5763
8.7954	-84.5759
8.7945	-84.5754
8.7937	-84.575
8.7929	-84.5745
8.792	-84.5741
8.7912	-84.5736
8.7904	-84.5732
8.7895	-84.5728
8.7887	-84.5716
8.7878	-84.5704
8.7869	-84.5692
8.786	-84.568
8.7852	-84.5668
8.7843	-84.5656
8.7834	-84.5644
8.7825	-84.5632
8.7816	-84.562
8.7808	-84.5608
8.7799	-84.5596
8.779	-84.5584
8.7781	-84.5572
8.7773	-84.556
8.7764	-84.5548
8.7755	-84.5536
8.7746	-84.5524
8.7737	-84.5512
8.7729	-84.55
8.772	-84.5488
8.7711	-84.5476
8.7702	-84.5464
8.7694	-84.5452
8.7685	-84.544
8.7676	-84.5428
8.7667	-84.5416
8.7659	-84.5404
8.765	-84.5392
8.7641	-84.538
8.7632	-84.5368
8.7623	-84.5356
8.7615	-84.5344
8.7606	-84.5332
8.7597	-84.532
8.7588	-84.5308
8.758	-84.5296
8.7571	-84.5284
8.7562	-84.5272
8.7553	-84.526
8.7544	-84.5248
8.7536	-84.5236
8.7527	-84.5224
8.7518	-84.5212
8.7509	-84.52
8.7501	-84.5188
8.7492	-84.5176
8.7483	-84.5164
8.7474	-84.5152
8.7465	-84.514
8.7457	-84.5128
8.7448	-84.5116
8.7439	-84.5104
8.743	-84.5092
8.7422	-84.508
8.7413	-84.5068
8.7404	-84.5056
8.7395	-84.5044
8.7387	-84.5032
8.7378	-84.502
8.7369	-84.5008
8.736	-84.4996
8.7351	-84.4984
8.7343	-84.4972
8.7334	-84.496
8.7325	-84.4948
8.7316	-84.4936
8.7308	-84.4924
8.7299	-84.4912
8.729	-84.4901
8.7281	-84.4889
8.7272	-84.4877
8.7264	-84.4865
8.7255	-84.4853
8.7246	-84.4841
8.7237	-84.4829
8.7229	-84.4817
8.722	-84.4805
8.7211	-84.4793
8.7202	-84.4781
8.7193	-84.4769
8.7185	-84.4757
8.7176	-84.4745
8.7167	-84.4733
8.7158	-84.4721
8.715	-84.4709
8.7141	-84.4697
8.7132	-84.4685
8.7123	-84.4673
8.7114	-84.4661
8.7106	-84.4649
8.7097	-84.4637
8.7088	-84.4625
8.7079	-84.4613
8.7071	-84.4601
8.7062	-84.4589
8.7053	-84.4577
8.7044	-84.4565
8.7035	-84.4553
8.7027	-84.4541
8.7017	-84.4532
8.7007	-84.4522
8.6998	-84.4513
8.6988	-84.4504
8.6978	-84.4494
8.6969	-84.4485
8.6959	-84.4476
8.6949	-84.4466
8.694	-84.4457
8.693	-84.4448
8.6921	-84.4438
8.6911	-84.4429
8.6901	-84.442
8.6892	-84.441
8.6882	-84.4401
8.6872	-84.4392
8.6863	-84.4383
8.6853	-84.4373
8.6843	-84.4364
8.6834	-84.4355
8.6824	-84.4345
8.6814	-84.4336
8.6805	-84.4327
8.6795	-84.4317
8.6785	-84.4308
8.6776	-84.4299
8.6766	-84.4289
8.6756	-84.428
8.6747	-84.4271
8.6737	-84.4261
8.6727	-84.4252
8.6718	-84.4243
8.6708	-84.4233
8.6698	-84.4224
8.6689	-84.4215
8.6679	-84.4205
8.667	-84.4196
8.666	-84.4187
8.665	-84.4177
8.6641	-84.4168
8.6631	-84.4159
8.6621	-84.4149
8.6612	-84.414
8.6602	-84.4131
8.6592	-84.4121
8.6583	-84.4112
8.6573	-84.4103
8.6563	-84.4094
8.6554	-84.4084
8.6544	-84.4075
8.6534	-84.4066
8.6525	-84.4056
8.6515	-84.4047
8.6505	-84.4038
8.6496	-84.4028
8.6486	-84.4019
8.6476	-84.401
8.6467	-84.4
8.6457	-84.3991
8.6447	-84.3982
8.6438	-84.3972
8.6428	-84.3963
8.6419	-84.3954
8.6409	-84.3944
8.6399	-84.3935
8.639	-84.3926
8.638	-84.3916
8.637	-84.3907
8.6361	-84.3898
8.6351	-84.3888
8.6341	-84.3879
8.6332	-84.387
8.6322	-84.386
8.6312	-84.3851
8.6303	-84.3842
8.6293	-84.3833
8.6283	-84.3823
8.6274	-84.3814
8.6264	-84.3805
8.6254	-84.3795
8.6245	-84.3786
8.6235	-84.3777
8.6225	-84.3767
8.6216	-84.3758
8.6206	-84.3749
8.6196	-84.3739
8.6187	-84.373
8.6177	-84.3721
8.6167	-84.3711
8.6158	-84.3702
8.6148	-84.3693
8.6139	-84.3683
8.6129	-84.3674
8.6119	-84.3665
8.611	-84.3655
8.61	-84.3646
8.609	-84.3637
8.6081	-84.3627
8.6071	-84.3618
8.6062	-84.3604
8.6052	-84.3589
8.6043	-84.3574
8.6034	-84.356
8.6025	-84.3545
8.6016	-84.353
8.6006	-84.3516
8.5997	-84.3501
8.5988	-84.3486
8.5979	-84.3472
8.597	-84.3457
8.596	-84.3442
8.5951	-84.3428
8.5942	-84.3413
8.5933	-84.3398
8.5923	-84.3384
8.5914	-84.3369
8.5905	-84.3354
8.5896	-84.334
8.5887	-84.3325
8.5877	-84.331
8.5868	-84.3296
8.5859	-84.3281
8.585	-84.3267
8.5841	-84.3252
8.5831	-84.3237
8.5822	-84.3223
8.5813	-84.3208
8.5804	-84.3193
8.5794	-84.3179
8.5785	-84.3164
8.5776	-84.3149
8.5767	-84.3135
8.5758	-84.312
8.5748	-84.3105
8.5739	-84.3091
8.573	-84.3076
8.5721	-84.3061
8.5711	-84.3047
8.5702	-84.3032
8.5693	-84.3017
8.5684	-84.3003
8.5675	-84.2988
8.5665	-84.2974
8.5656	-84.2959
8.5647	-84.2944
8.5638	-84.293
8.5629	-84.2915
8.5619	-84.29
8.561	-84.2886
8.5601	-84.2871
8.5592	-84.2856
8.5582	-84.2842
8.5573	-84.2827
8.5564	-84.2812
8.5555	-84.2798
8.5546	-84.2783
8.5536	-84.2768
8.5527	-84.2754
8.5518	-84.2739
8.5509	-84.2725
8.5499	-84.271
8.549	-84.2695
8.5481	-84.2681
8.5472	-84.2666
8.5463	-84.2651
8.5453	-84.2637
8.5444	-84.2622
8.5435	-84.2607
8.5426	-84.2593
8.5417	-84.2578
8.5407	-84.2563
8.5398	-84.2549
8.5389	-84.2534
8.538	-84.2519
8.537	-84.2505
8.5361	-84.249
8.5352	-84.2476
8.5343	-84.2461
8.5334	-84.2446
8.5324	-84.2432
8.5315	-84.2417
8.5306	-84.2402
8.5297	-84.2388
8.5287	-84.2373
8.5278	-84.2358
8.5269	-84.2344
8.526	-84.2329
8.5251	-84.2314
8.5241	-84.23
8.5232	-84.2285
8.5223	-84.227
8.5214	-84.2256
8.5204	-84.2241
8.5195	-84.2227
8.5186	-84.2212
8.5177	-84.2197
8.5168	-84.2183
8.5158	-84.2168
8.5152	-84.2154
8.5145	-84.214
8.5139	-84.2127
8.5132	-84.2113
8.5125	-84.2099
8.5119	-84.2085
8.5112	-84.2072
8.5106	-84.2058
8.5099	-84.2044
8.5093	-84.203
8.5086	-84.2017
8.5079	-84.2003
8.5073	-84.1989
8.5066	-84.1975
8.506	-84.1962
8.5053	-84.1948
8.5046	-84.1934
8.504	-84.192
8.5033	-84.1906
8.5027	-84.1893
8.502	-84.1879
8.5014	-84.1865
8.5007	-84.1851
8.5	-84.1838
8.4994	-84.1824
8.4987	-84.181
8.4981	-84.1796
8.4974	-84.1783
8.4967	-84.1769
8.4961	-84.1755
8.4954	-84.1741
8.4948	-84.1728
8.4941	-84.1714
8.4935	-84.17
8.4928	-84.1686
8.4921	-84.1673
8.4915	-84.1659
8.4908	-84.1645
8.4902	-84.1631
8.4895	-84.1617
8.4888	-84.1604
8.4882	-84.159
8.4875	-84.1576
8.4869	-84.1562
8.4862	-84.1549
8.4855	-84.1535
8.4849	-84.1521
8.4842	-84.1507
8.4836	-84.1494
8.4829	-84.148
8.4823	-84.1466
8.4816	-84.1452
8.4809	-84.1439
8.4803	-84.1425
8.4796	-84.1411
8.479	-84.1397
8.4783	-84.1384
8.4776	-84.137
8.477	-84.1356
8.4763	-84.1342
8.4757	-84.1329
8.475	-84.1315
8.4744	-84.1301
8.4737	-84.1287
8.473	-84.1273
8.4724	-84.126
8.4717	-84.1246
8.4711	-84.1232
8.4704	-84.1218
8.4697	-84.1205
8.4691	-84.1191
8.4684	-84.1177
8.4678	-84.1163
8.4671	-84.115
8.4664	-84.1136
8.4658	-84.1122
8.4651	-84.1108
8.4645	-84.1095
8.4638	-84.1081
8.4632	-84.1067
8.4625	-84.1053
8.4618	-84.104
8.4612	-84.1026
8.4605	-84.1012
8.4599	-84.0998
8.4592	-84.0985
8.4585	-84.0971
8.4579	-84.0957
8.4572	-84.0943
8.4566	-84.0929
8.4559	-84.0916
8.4553	-84.0902
8.4546	-84.0888
8.4539	-84.0874
8.4533	-84.0861
8.4526	-84.0847
8.452	-84.0833
8.4513	-84.0819
8.4506	-84.0806
8.4499	-84.0791
8.4492	-84.0775
8.4485	-84.076
8.4478	-84.0745
8.4471	-84.073
8.4464	-84.0715
8.4457	-84.07
8.445	-84.0685
8.4443	-84.067
8.4436	-84.0655
8.4429	-84.064
8.4422	-84.0625
8.4415	-84.0609
8.4408	-84.0594
8.4401	-84.0579
8.4394	-84.0564
8.4387	-84.0549
8.438	-84.0534
8.4373	-84.0519
8.4366	-84.0504
8.4359	-84.0489
8.4352	-84.0474
8.4345	-84.0458
8.4338	-84.0443
8.4331	-84.0428
8.4324	-84.0413
8.4317	-84.0398
8.431	-84.0383
8.4303	-84.0368
8.4296	-84.0353
8.4289	-84.0338
8.4282	-84.0323
8.4275	-84.0308
8.4268	-84.0292
8.4261	-84.0277
8.4254	-84.0262
8.4246	-84.0247
8.4239	-84.0232
8.4232	-84.0217
8.4225	-84.0202
8.4218	-84.0187
8.4211	-84.0172
8.4204	-84.0157
8.4197	-84.0142
8.419	-84.0126
8.4183	-84.0111
8.4176	-84.0096
8.4169	-84.0081
8.4162	-84.0066
8.4155	-84.0051
8.4148	-84.0036
8.4141	-84.0021
8.4134	-84.0006
8.4127	-83.9991
8.412	-83.9976
8.4113	-83.996
8.4106	-83.9945
8.4099	-83.993
8.4092	-83.9915
8.4085	-83.99
8.4078	-83.9885
8.4071	-83.987
8.4064	-83.9855
8.4057	-83.984
8.405	-83.9825
8.4043	-83.981
8.4036	-83.9794
8.4029	-83.9779
8.4022	-83.9764
8.4015	-83.9749
8.4008	-83.9734
8.4001	-83.9719
8.3994	-83.9704
8.3987	-83.9689
8.398	-83.9674
8.3972	-83.9659
8.3965	-83.9644
8.3958	-83.9628
8.3951	-83.9613
8.3944	-83.9598
8.3937	-83.9583
8.393	-83.9568
8.3923	-83.9553
8.3916	-83.9538
8.3909	-83.9523
8.3902	-83.9508
8.3895	-83.9493
8.3888	-83.9478
8.3881	-83.9462
8.3874	-83.9447
8.3867	-83.9432
8.386	-83.9417
8.3853	-83.9402
8.3846	-83.9387
8.3839	-83.9372
8.3832	-83.9357
8.3825	-83.9342
8.3818	-83.9327
8.3811	-83.9312
8.3806	-83.9296
8.3802	-83.9281
8.3798	-83.9266
8.3793	-83.9251
8.3789	-83.9236
8.3784	-83.9221
8.378	-83.9206
8.3776	-83.9191
8.3771	-83.9176
8.3767	-83.9161
8.3763	-83.9145
8.3758	-83.913
8.3754	-83.9115
8.3749	-83.91
8.3745	-83.9085
8.3741	-83.907
8.3736	-83.9055
8.3732	-83.904
8.3727	-83.9025
8.3723	-83.901
8.3719	-83.8995
8.3714	-83.8979
8.371	-83.8964
8.3705	-83.8949
8.3701	-83.8934
8.3697	-83.8919
8.3692	-83.8904
8.3688	-83.8889
8.3684	-83.8874
8.3679	-83.8859
8.3675	-83.8844
8.367	-83.8829
8.3666	-83.8813
8.3662	-83.8798
8.3657	-83.8783
8.3653	-83.8768
8.3648	-83.8753
8.3644	-83.8738
8.364	-83.8723
8.3635	-83.8708
8.3631	-83.8693
8.3626	-83.8678
8.3622	-83.8663
8.3618	-83.8647
8.3613	-83.8632
8.3609	-83.8617
8.3604	-83.8602
8.36	-83.8587
8.3596	-83.8572
8.3591	-83.8557
8.3587	-83.8542
8.3583	-83.8527
8.3578	-83.8512
8.3574	-83.8496
8.3569	-83.8481
8.3565	-83.8466
8.3561	-83.8451
8.3556	-83.8436
8.3552	-83.8421
8.3547	-83.8406
8.3543	-83.8391
8.3539	-83.8376
8.3534	-83.8361
8.353	-83.8346
8.3525	-83.833
8.3521	-83.8315
8.3517	-83.83
8.3512	-83.8285
8.3508	-83.827
8.3503	-83.8255
8.3499	-83.824
8.3495	-83.8225
8.349	-83.821
8.3486	-83.8195
8.3482	-83.818
8.3477	-83.8164
8.3473	-83.8149
8.3468	-83.8134
8.3464	-83.8119
8.346	-83.8104
8.3455	-83.8089
8.3451	-83.8074
8.3446	-83.8059
8.3442	-83.8044
8.3438	-83.8029
8.3433	-83.8014
8.3429	-83.7998
8.3424	-83.7983
8.342	-83.7968
8.3416	-83.7953
8.3411	-83.7938
8.3407	-83.7923
8.3402	-83.7908
8.3398	-83.7893
8.3394	-83.7878
8.3389	-83.7863
8.3385	-83.7848
8.338	-83.7832
8.3376	-83.7817
8.3375	-83.7807
8.3374	-83.7796
8.3373	-83.7785
8.3373	-83.7775
8.3372	-83.7764
8.3371	-83.7753
8.337	-83.7743
8.3369	-83.7732
8.3368	-83.7722
8.3367	-83.7711
8.3366	-83.77
8.3366	-83.769
8.3365	-83.7679
8.3364	-83.7668
8.3363	-83.7658
8.3362	-83.7647
8.3361	-83.7636
8.336	-83.7626
8.3359	-83.7615
8.3359	-83.7604
8.3358	-83.7594
8.3357	-83.7583
8.3356	-83.7572
8.3355	-83.7562
8.3354	-83.7551
8.3353	-83.754
8.3352	-83.753
8.3351	-83.7519
8.3351	-83.7508
8.335	-83.7498
8.3349	-83.7487
8.3348	-83.7476
8.3347	-83.7466
8.3346	-83.7455
8.3345	-83.7445
8.3344	-83.7434
8.3344	-83.7423
8.3343	-83.7413
8.3342	-83.7402
8.3341	-83.7391
8.334	-83.7381
8.3339	-83.737
8.3338	-83.7359
8.3337	-83.7349
8.3337	-83.7338
8.3336	-83.7327
8.3335	-83.7317
8.3334	-83.7306
8.3333	-83.7295
8.3332	-83.7285
8.3331	-83.7274
8.333	-83.7263
8.333	-83.7253
8.3329	-83.7242
8.3328	-83.7231
8.3327	-83.7221
8.3326	-83.721
8.3325	-83.7199
8.3324	-83.7189
8.3323	-83.7178
8.3323	-83.7168
8.3322	-83.7157
8.3321	-83.7146
8.332	-83.7136
8.3319	-83.7125
8.3318	-83.7114
8.3317	-83.7104
8.3316	-83.7093
8.3315	-83.7082
8.3315	-83.7072
8.3314	-83.7061
8.3313	-83.705
8.3312	-83.704
8.3311	-83.7029
8.331	-83.7018
8.3309	-83.7008
8.3308	-83.6997
8.3308	-83.6986
8.3307	-83.6976
8.3306	-83.6965
8.3305	-83.6954
8.3304	-83.6944
8.3303	-83.6933
8.3302	-83.6922
8.3301	-83.6912
8.3301	-83.6901
8.33	-83.6891
8.3299	-83.688
8.3298	-83.6869
8.3297	-83.6859
8.3296	-83.6848
8.3295	-83.6837
8.3294	-83.6827
8.3293	-83.6816
8.3293	-83.6805
8.3292	-83.6795
8.3291	-83.6784
8.329	-83.6773
8.3289	-83.6763
8.328	-83.6752
8.3271	-83.6742
8.3261	-83.6732
8.3252	-83.6722
8.3243	-83.6712
8.3234	-83.6701
8.3225	-83.6691
8.3215	-83.6681
8.3206	-83.6671
8.3197	-83.6661
8.3188	-83.665
8.3178	-83.664
8.3169	-83.663
8.316	-83.662
8.3151	-83.661
8.3142	-83.6599
8.3132	-83.6589
8.3123	-83.6579
8.3114	-83.6569
8.3105	-83.6558
8.3095	-83.6548
8.3086	-83.6538
8.3077	-83.6528
8.3068	-83.6518
8.3058	-83.6507
8.3049	-83.6497
8.304	-83.6487
8.3031	-83.6477
8.3022	-83.6467
8.3012	-83.6456
8.3003	-83.6446
8.2994	-83.6436
8.2985	-83.6426
8.2975	-83.6416
8.2966	-83.6405
8.2957	-83.6395
8.2948	-83.6385
8.2939	-83.6375
8.2929	-83.6364
8.292	-83.6354
8.2911	-83.6344
8.2902	-83.6334
8.2892	-83.6324
8.2883	-83.6313
8.2874	-83.6303
8.2865	-83.6293
8.2856	-83.6283
8.2846	-83.6273
8.2837	-83.6262
8.2828	-83.6252
8.2819	-83.6242
8.2809	-83.6232
8.28	-83.6222
8.2791	-83.6211
8.2782	-83.6201
8.2773	-83.6191
8.2763	-83.6181
8.2754	-83.617
8.2745	-83.616
8.2736	-83.615
8.2726	-83.614
8.2717	-83.613
8.2708	-83.6119
8.2699	-83.6109
8.269	-83.6099
8.268	-83.6089
8.2671	-83.6079
8.2662	-83.6068
8.2653	-83.6058
8.2643	-83.6048
8.2634	-83.6038
8.2625	-83.6028
8.2616	-83.6017
8.2606	-83.6007
8.2597	-83.5997
8.2588	-83.5987
8.2579	-83.5977
8.257	-83.5966
8.256	-83.5956
8.2551	-83.5946
8.2542	-83.5936
8.2533	-83.5925
8.2523	-83.5915
8.2514	-83.5905
8.2505	-83.5895
8.2496	-83.5885
8.2487	-83.5874
8.2477	-83.5864
8.2468	-83.5854
8.2459	-83.5844
8.245	-83.5834
8.244	-83.5823
8.2431	-83.5813
8.2422	-83.5803
8.2413	-83.5793
8.2404	-83.5783
8.2394	-83.5772
8.2385	-83.5762
8.2376	-83.5752
8.2372	-83.5739
8.2368	-83.5726
8.2364	-83.5713
8.236	-83.57
8.2356	-83.5688
8.2352	-83.5675
8.2348	-83.5662
8.2344	-83.5649
8.234	-83.5636
8.2336	-83.5623
8.2332	-83.561
8.2328	-83.5597
8.2324	-83.5585
8.2321	-83.5572
8.2317	-83.5559
8.2313	-83.5546
8.2309	-83.5533
8.2305	-83.552
8.2301	-83.5507
8.2297	-83.5494
8.2293	-83.5482
8.2289	-83.5469
8.2285	-83.5456
8.2281	-83.5443
8.2277	-83.543
8.2273	-83.5417
8.2269	-83.5404
8.2265	-83.5391
8.2261	-83.5379
8.2257	-83.5366
8.2253	-83.5353
8.2249	-83.534
8.2245	-83.5327
8.2241	-83.5314
8.2238	-83.5301
8.2234	-83.5289
8.223	-83.5276
8.2226	-83.5263
8.2222	-83.525
8.2218	-83.5237
8.2214	-83.5224
8.221	-83.5211
8.2206	-83.5198
8.2202	-83.5186
8.2198	-83.5173
8.2194	-83.516
8.219	-83.5147
8.2186	-83.5134
8.2182	-83.5121
8.2178	-83.5108
8.2174	-83.5095
8.217	-83.5083
8.2166	-83.507
8.2162	-83.5057
8.2158	-83.5044
8.2154	-83.5031
8.2151	-83.5018
8.2147	-83.5005
8.2143	-83.4992
8.2139	-83.498
8.2135	-83.4967
8.2131	-83.4954
8.2127	-83.4941
8.2123	-83.4928
8.2119	-83.4915
8.2115	-83.4902
8.2111	-83.4889
8.2107	-83.4877
8.2103	-83.4864
8.2099	-83.4851
8.2095	-83.4838
8.2091	-83.4825
8.2087	-83.4812
8.2083	-83.4799
8.2079	-83.4786
8.2075	-83.4774
8.2071	-83.4761
8.2067	-83.4748
8.2064	-83.4735
8.206	-83.4722
8.2056	-83.4709
8.2052	-83.4696
8.2048	-83.4683
8.2044	-83.4671
8.204	-83.4658
8.2036	-83.4645
8.2032	-83.4632
8.2028	-83.4619
8.2024	-83.4606
8.202	-83.4593
8.2016	-83.4581
8.2012	-83.4568
8.2008	-83.4555
8.2004	-83.4542
8.2	-83.4529
8.1996	-83.4516
8.1992	-83.4503
8.1988	-83.449
8.1984	-83.4478
8.1987	-83.4472
8.199	-83.4467
8.1992	-83.4462
8.1995	-83.4456
8.1998	-83.4451
8.2	-83.4446
8.2003	-83.444
8.2006	-83.4435
8.2008	-83.443
8.2011	-83.4424
8.2013	-83.4419
8.2016	-83.4414
8.2019	-83.4408
8.2021	-83.4403
8.2024	-83.4398
8.2027	-83.4392
8.2029	-83.4387
8.2032	-83.4382
8.2035	-83.4376
8.2037	-83.4371
8.204	-83.4366
8.2042	-83.436
8.2045	-83.4355
8.2048	-83.435
8.205	-83.4344
8.2053	-83.4339
8.2056	-83.4334
8.2058	-83.4328
8.2061	-83.4323
8.2064	-83.4318
8.2066	-83.4312
8.2069	-83.4307
8.2071	-83.4302
8.2074	-83.4296
8.2077	-83.4291
8.2079	-83.4286
8.2082	-83.428
8.2085	-83.4275
8.2087	-83.427
8.209	-83.4264
8.2093	-83.4259
8.2095	-83.4254
8.2098	-83.4248
8.21	-83.4243
8.2103	-83.4238
8.2106	-83.4233
8.2108	-83.4227
8.2111	-83.4222
8.2114	-83.4217
8.2116	-83.4211
8.2119	-83.4206
8.2121	-83.4201
8.2124	-83.4195
8.2127	-83.419
8.2129	-83.4185
8.2132	-83.4179
8.2135	-83.4174
8.2137	-83.4169
8.214	-83.4163
8.2143	-83.4158
8.2145	-83.4153
8.2148	-83.4147
8.215	-83.4142
8.2153	-83.4137
8.2156	-83.4131
8.2158	-83.4126
8.2161	-83.4121
8.2164	-83.4115
8.2166	-83.411
8.2169	-83.4105
8.2172	-83.4099
8.2174	-83.4094
8.2177	-83.4089
8.2179	-83.4083
8.2182	-83.4078
8.2185	-83.4073
8.2187	-83.4067
8.219	-83.4062
8.2193	-83.4057
8.2195	-83.4051
8.2198	-83.4046
8.2201	-83.4041
8.2203	-83.4035
8.2206	-83.403
8.2208	-83.4025
8.2211	-83.4019
8.2214	-83.4014
8.2216	-83.4009
8.2219	-83.4003
8.2222	-83.3998
8.2224	-83.3993
8.2227	-83.3987
8.223	-83.3982
8.2232	-83.3977
8.2235	-83.3972
8.2237	-83.3966
8.224	-83.3961
8.2243	-83.3956
8.2245	-83.395
8.2245	-83.3944
8.2245	-83.3938
8.2245	-83.3932
8.2245	-83.3925
8.2245	-83.3919
8.2245	-83.3913
8.2245	-83.3907
8.2245	-83.39
8.2245	-83.3894
8.2245	-83.3888
8.2245	-83.3882
8.2245	-83.3876
8.2245	-83.3869
8.2245	-83.3863
8.2245	-83.3857
8.2245	-83.3851
8.2245	-83.3845
8.2245	-83.3838
8.2245	-83.3832
8.2245	-83.3826
8.2245	-83.382
8.2245	-83.3813
8.2245	-83.3807
8.2245	-83.3801
8.2245	-83.3795
8.2245	-83.3789
8.2245	-83.3782
8.2245	-83.3776
8.2245	-83.377
8.2245	-83.3764
8.2245	-83.3758
8.2245	-83.3751
8.2245	-83.3745
8.2245	-83.3739
8.2245	-83.3733
8.2245	-83.3726
8.2245	-83.372
8.2245	-83.3714
8.2245	-83.3708
8.2245	-83.3702
8.2245	-83.3695
8.2245	-83.3689
8.2245	-83.3683
8.2245	-83.3677
8.2245	-83.3671
8.2245	-83.3664
8.2245	-83.3658
8.2245	-83.3652
8.2245	-83.3646
8.2245	-83.3639
8.2245	-83.3633
8.2245	-83.3627
8.2245	-83.3621
8.2245	-83.3615
8.2245	-83.3608
8.2245	-83.3602
8.2245	-83.3596
8.2245	-83.359
8.2245	-83.3584
8.2245	-83.3577
8.2245	-83.3571
8.2245	-83.3565
8.2245	-83.3559
8.2245	-83.3552
8.2245	-83.3546
8.2245	-83.354
8.2245	-83.3534
8.2245	-83.3528
8.2245	-83.3521
8.2245	-83.3515
8.2245	-83.3509
8.2245	-83.3503
8.2245	-83.3497
8.2245	-83.349
8.2245	-83.3484
8.2245	-83.3478
8.2245	-83.3472
8.2245	-83.3465
8.2245	-83.3459
8.2245	-83.3453
8.2245	-83.3447
8.2245	-83.3441
8.2245	-83.3434
8.2245	-83.3428
8.2245	-83.3422
8.2245	-83.3416
8.2245	-83.341
8.2245	-83.3403
8.2245	-83.3397
8.2245	-83.3391
8.2245	-83.3385
8.2245	-83.3378
8.2245	-83.3372
8.2245	-83.3366
8.2245	-83.336
8.2245	-83.3354
8.2245	-83.3347
8.2245	-83.3341
8.2245	-83.3335
8.224	-83.333
8.2235	-83.3325
8.223	-83.332
8.2224	-83.3315
8.2219	-83.3311
8.2214	-83.3306
8.2208	-83.3301
8.2203	-83.3296
8.2198	-83.3291
8.2193	-83.3286
8.2187	-83.3281
8.2182	-83.3276
8.2177	-83.3271
8.2172	-83.3267
8.2166	-83.3262
8.2161	-83.3257
8.2156	-83.3252
8.215	-83.3247
8.2145	-83.3242
8.214	-83.3237
8.2135	-83.3232
8.2129	-83.3228
8.2124	-83.3223
8.2119	-83.3218
8.2114	-83.3213
8.2108	-83.3208
8.2103	-83.3203
8.2098	-83.3198
8.2092	-83.3193
8.2087	-83.3188
8.2082	-83.3184
8.2077	-83.3179
8.2071	-83.3174
8.2066	-83.3169
8.2061	-83.3164
8.2056	-83.3159
8.205	-83.3154
8.2045	-83.3149
8.204	-83.3145
8.2035	-83.314
8.2029	-83.3135
8.2024	-83.313
8.2019	-83.3125
8.2013	-83.312
8.2008	-83.3115
8.2003	-83.311
8.1998	-83.3105
8.1992	-83.3101
8.1987	-83.3096
8.1982	-83.3091
8.1977	-83.3086
8.1971	-83.3081
8.1966	-83.3076
8.1961	-83.3071
8.1955	-83.3066
8.195	-83.3062
8.1945	-83.3057
8.194	-83.3052
8.1934	-83.3047
8.1929	-83.3042
8.1924	-83.3037
8.1919	-83.3032
8.1913	-83.3027
8.1908	-83.3022
8.1903	-83.3018
8.1897	-83.3013
8.1892	-83.3008
8.1887	-83.3003
8.1882	-83.2998
8.1876	-83.2993
8.1871	-83.2988
8.1866	-83.2983
8.1861	-83.2979
8.1855	-83.2974
8.185	-83.2969
8.1845	-83.2964
8.1839	-83.2959
8.1834	-83.2954
8.1829	-83.2949
8.1824	-83.2944
8.1818	-83.2939
8.1813	-83.2935
8.1808	-83.293
8.1803	-83.2925
8.1797	-83.292
8.1792	-83.2915
8.1787	-83.291
8.1781	-83.2905
8.1776	-83.29
8.1771	-83.2896
8.1766	-83.2891
8.176	-83.2886
8.1755	-83.2881
8.175	-83.2876
8.1745	-83.2871
8.1739	-83.2866
8.1734	-83.2861
8.1729	-83.2856
8.1723	-83.2852
8.1722	-83.2842
8.1721	-83.2833
8.1719	-83.2824
8.1718	-83.2814
8.1717	-83.2805
8.1716	-83.2796
8.1714	-83.2786
8.1713	-83.2777
8.1712	-83.2768
8.171	-83.2758
8.1709	-83.2749
8.1708	-83.274
8.1706	-83.273
8.1705	-83.2721
8.1704	-83.2712
8.1702	-83.2702
8.1701	-83.2693
8.17	-83.2684
8.1698	-83.2674
8.1697	-83.2665
8.1696	-83.2656
8.1694	-83.2646
8.1693	-83.2637
8.1692	-83.2628
8.169	-83.2619
8.1689	-83.2609
8.1688	-83.26
8.1687	-83.2591
8.1685	-83.2581
8.1684	-83.2572
8.1683	-83.2563
8.1681	-83.2553
8.168	-83.2544
8.1679	-83.2535
8.1677	-83.2525
8.1676	-83.2516
8.1675	-83.2507
8.1673	-83.2497
8.1672	-83.2488
8.1671	-83.2479
8.1669	-83.2469
8.1668	-83.246
8.1667	-83.2451
8.1665	-83.2441
8.1664	-83.2432
8.1663	-83.2423
8.1662	-83.2413
8.166	-83.2404
8.1659	-83.2395
8.1658	-83.2385
8.1656	-83.2376
8.1655	-83.2367
8.1654	-83.2358
8.1652	-83.2348
8.1651	-83.2339
8.165	-83.233
8.1648	-83.232
8.1647	-83.2311
8.1646	-83.2302
8.1644	-83.2292
8.1643	-83.2283
8.1642	-83.2274
8.164	-83.2264
8.1639	-83.2255
8.1638	-83.2246
8.1636	-83.2236
8.1635	-83.2227
8.1634	-83.2218
8.1632	-83.2208
8.1631	-83.2199
8.163	-83.219
8.1629	-83.218
8.1627	-83.2171
8.1626	-83.2162
8.1625	-83.2152
8.1623	-83.2143
8.1622	-83.2134
8.1621	-83.2124
8.1619	-83.2115
8.1618	-83.2106
8.1617	-83.2096
8.1615	-83.2087
8.1614	-83.2078
8.1613	-83.2069
8.1611	-83.2059
8.161	-83.205
8.1609	-83.2041
8.1607	-83.2031
8.1606	-83.2022
8.1605	-83.2013
8.1603	-83.2003
8.1602	-83.1994
8.1601	-83.1985
8.16	-83.1975
8.1598	-83.1966
8.1597	-83.1957
8.1596	-83.1947
8.1594	-83.1938
8.1593	-83.1929
8.159	-83.1923
8.1587	-83.1917
8.1584	-83.1911
8.1581	-83.1906
8.1578	-83.19
8.1574	-83.1894
8.1571	-83.1888
8.1568	-83.1883
8.1565	-83.1877
8.1562	-83.1871
8.1559	-83.1865
8.1556	-83.1859
8.1553	-83.1854
8.155	-83.1848
8.1547	-83.1842
8.1544	-83.1836
8.1541	-83.1831
8.1538	-83.1825
8.1534	-83.1819
8.1531	-83.1813
8.1528	-83.1808
8.1525	-83.1802
8.1522	-83.1796
8.1519	-83.179
8.1516	-83.1784
8.1513	-83.1779
8.151	-83.1773
8.1507	-83.1767
8.1504	-83.1761
8.1501	-83.1756
8.1498	-83.175
8.1495	-83.1744
8.1491	-83.1738
8.1488	-83.1733
8.1485	-83.1727
8.1482	-83.1721
8.1479	-83.1715
8.1476	-83.1709
8.1473	-83.1704
8.147	-83.1698
8.1467	-83.1692
8.1464	-83.1686
8.1461	-83.1681
8.1458	-83.1675
8.1455	-83.1669
8.1451	-83.1663
8.1448	-83.1657
8.1445	-83.1652
8.1442	-83.1646
8.1439	-83.164
8.1436	-83.1634
8.1433	-83.1629
8.143	-83.1623
8.1427	-83.1617
8.1424	-83.1611
8.1421	-83.1606
8.1418	-83.16
8.1415	-83.1594
8.1411	-83.1588
8.1408	-83.1582
8.1405	-83.1577
8.1402	-83.1571
8.1399	-83.1565
8.1396	-83.1559
8.1393	-83.1554
8.139	-83.1548
8.1387	-83.1542
8.1384	-83.1536
8.1381	-83.1531
8.1378	-83.1525
8.1375	-83.1519
8.1371	-83.1513
8.1368	-83.1507
8.1365	-83.1502
8.1362	-83.1496
8.1359	-83.149
8.1356	-83.1484
8.1353	-83.1479
8.135	-83.1473
8.1347	-83.1467
8.1344	-83.1461
8.1341	-83.1456
8.1338	-83.145
8.1335	-83.1444
8.1331	-83.1438
8.1328	-83.1432
8.1325	-83.1427
8.1322	-83.1421
8.1319	-83.1415
8.1316	-83.1409
8.1313	-83.1404
8.131	-83.1398
8.1307	-83.1392
8.1304	-83.1386
8.1301	-83.1381
8.1298	-83.1375
8.1295	-83.1369
8.1291	-83.1363
8.1288	-83.1357
8.128	-83.1352
8.1271	-83.1347
8.1262	-83.1341
8.1253	-83.1336
8.1244	-83.1331
8.1236	-83.1325
8.1227	-83.132
8.1218	-83.1315
8.1209	-83.1309
8.1201	-83.1304
8.1192	-83.1299
8.1183	-83.1293
8.1174	-83.1288
8.1165	-83.1283
8.1157	-83.1278
8.1148	-83.1272
8.1139	-83.1267
8.113	-83.1262
8.1121	-83.1256
8.1113	-83.1251
8.1104	-83.1246
8.1095	-83.124
8.1086	-83.1235
8.1077	-83.123
8.1069	-83.1224
8.106	-83.1219
8.1051	-83.1214
8.1042	-83.1208
8.1034	-83.1203
8.1025	-83.1198
8.1016	-83.1192
8.1007	-83.1187
8.0998	-83.1182
8.099	-83.1176
8.0981	-83.1171
8.0972	-83.1166
8.0963	-83.116
8.0954	-83.1155
8.0946	-83.115
8.0937	-83.1144
8.0928	-83.1139
8.0919	-83.1134
8.091	-83.1128
8.0902	-83.1123
8.0893	-83.1118
8.0884	-83.1112
8.0875	-83.1107
8.0867	-83.1102
8.0858	-83.1096
8.0849	-83.1091
8.084	-83.1086
8.0831	-83.108
8.0823	-83.1075
8.0814	-83.107
8.0805	-83.1064
8.0796	-83.1059
8.0787	-83.1054
8.0779	-83.1048
8.077	-83.1043
8.0761	-83.1038
8.0752	-83.1032
8.0743	-83.1027
8.0735	-83.1022
8.0726	-83.1016
8.0717	-83.1011
8.0708	-83.1006
8.07	-83.1001
8.0691	-83.0995
8.0682	-83.099
8.0673	-83.0985
8.0664	-83.0979
8.0656	-83.0974
8.0647	-83.0969
8.0638	-83.0963
8.0629	-83.0958
8.062	-83.0953
8.0612	-83.0947
8.0603	-83.0942
8.0594	-83.0937
8.0585	-83.0931
8.0576	-83.0926
8.0568	-83.0921
8.0559	-83.0915
8.055	-83.091
8.0541	-83.0905
8.0533	-83.0899
8.0524	-83.0894
8.0515	-83.0889
8.0506	-83.0883
8.0497	-83.0878
8.0489	-83.0873
8.048	-83.0867
8.0471	-83.0862
8.0462	-83.0857
8.0453	-83.0851
8.0445	-83.0846
8.0436	-83.0841
8.0427	-83.0835
8.0418	-83.083
8.041	-83.0823
8.0402	-83.0816
8.0395	-83.0809
8.0387	-83.0802
8.0379	-83.0795
8.0371	-83.0787
8.0363	-83.078
8.0355	-83.0773
8.0347	-83.0766
8.0339	-83.0759
8.0331	-83.0752
8.0323	-83.0745
8.0315	-83.0738
8.0307	-83.0731
8.03	-83.0724
8.0292	-83.0716
8.0284	-83.0709
8.0276	-83.0702
8.0268	-83.0695
8.026	-83.0688
8.0252	-83.0681
8.0244	-83.0674
8.0236	-83.0667
8.0228	-83.066
8.022	-83.0652
8.0213	-83.0645
8.0205	-83.0638
8.0197	-83.0631
8.0189	-83.0624
8.0181	-83.0617
8.0173	-83.061
8.0165	-83.0603
8.0157	-83.0596
8.0149	-83.0589
8.0141	-83.0581
8.0133	-83.0574
8.0126	-83.0567
8.0118	-83.056
8.011	-83.0553
8.0102	-83.0546
8.0094	-83.0539
8.0086	-83.0532
8.0078	-83.0525
8.007	-83.0518
8.0062	-83.051
8.0054	-83.0503
8.0046	-83.0496
8.0038	-83.0489
8.0031	-83.0482
8.0023	-83.0475
8.0015	-83.0468
8.0007	-83.0461
7.9999	-83.0454
7.9991	-83.0447
7.9983	-83.0439
7.9975	-83.0432
7.9967	-83.0425
7.9959	-83.0418
7.9951	-83.0411
7.9944	-83.0404
7.9936	-83.0397
7.9928	-83.039
7.992	-83.0383
7.9912	-83.0376
7.9904	-83.0368
7.9896	-83.0361
7.9888	-83.0354
7.988	-83.0347
7.9872	-83.034
7.9864	-83.0333
7.9856	-83.0326
7.9849	-83.0319
7.9841	-83.0312
7.9833	-83.0304
7.9825	-83.0297
7.9817	-83.029
7.9809	-83.0283
7.9801	-83.0276
7.9793	-83.0269
7.9785	-83.0262
7.9777	-83.0255
7.9769	-83.0248
7.9762	-83.0241
7.9754	-83.0233
7.9746	-83.0226
7.9738	-83.0219
7.973	-83.0212
7.9722	-83.0205
7.9714	-83.0198
7.9706	-83.0191
7.9698	-83.0184
7.969	-83.0177
7.9682	-83.017
7.9674	-83.0162
7.9667	-83.0155
7.9659	-83.0148
7.9651	-83.0141
7.9643	-83.0134
7.9635	-83.0127