7.9635	-83.0127
7.91344	-82.91162
7.91337	-82.91089
7.91331	-82.91016
7.91324	-82.90942
7.91318	-82.90869
7.91311	-82.90796
7.91305	-82.90723
7.91298	-82.90649
7.91291	-82.90576
7.91285	-82.90503
7.91278	-82.9043
7.91272	-82.90356
7.91265	-82.90283
7.91258	-82.9021
7.91252	-82.90137
7.91245	-82.90063
7.91239	-82.8999
7.91232	-82.89917
7.91225	-82.89844
7.91219	-82.8977
7.91212	-82.89697
7.91206	-82.89624
7.91199	-82.89551
7.91192	-82.89478
7.91186	-82.89404
7.91179	-82.89331
7.91173	-82.89258
7.91166	-82.89185
7.9116	-82.89111
7.91153	-82.89038
7.91146	-82.88965
7.9114	-82.88892
7.91133	-82.88818
7.91127	-82.88745
7.9112	-82.88672
7.91113	-82.88599
7.91107	-82.88525
7.911	-82.88452
7.91094	-82.88379
7.91087	-82.88306
7.9108	-82.88232
7.91074	-82.88159
7.91067	-82.88086
7.91061	-82.88013
7.91054	-82.87939
7.91047	-82.87866
7.91041	-82.87793
7.91034	-82.8772
7.91028	-82.87646
7.91021	-82.87573
7.91014	-82.875
7.91008	-82.87427
7.91001	-82.87353
7.90995	-82.8728
7.90988	-82.87207
7.90981	-82.87134
7.90975	-82.87061
7.90968	-82.86987
7.90962	-82.86914
7.90955	-82.86841
7.90949	-82.86768
7.90942	-82.86694
7.90935	-82.86621
7.90929	-82.86548
7.90922	-82.86475
7.90916	-82.86401
7.90909	-82.86328
7.90902	-82.86255
7.90896	-82.86182
7.90889	-82.86108
7.90883	-82.86035
7.90876	-82.85962
7.90869	-82.85889
7.90863	-82.85815
7.90856	-82.85742
7.9085	-82.85669
7.90843	-82.85596
7.90836	-82.85522
7.9083	-82.85449
7.90823	-82.85376
7.90817	-82.85303
7.9081	-82.85229
7.90803	-82.85156
7.90797	-82.85083
7.9079	-82.8501
7.90784	-82.84937
7.90777	-82.84863
7.9077	-82.8479
7.90764	-82.84717
7.90757	-82.84644
7.90751	-82.8457
7.90744	-82.84497
7.90737	-82.84424
7.90731	-82.84351
7.90724	-82.84277
7.90718	-82.84204
7.90711	-82.84131
7.90704	-82.84058
7.90698	-82.83984
7.90691	-82.83911
7.90729	-82.83873
7.90766	-82.83836
7.90803	-82.83798
7.90841	-82.8376
7.90878	-82.83722
7.90915	-82.83685
7.90953	-82.83647
7.9099	-82.83609
7.91028	-82.83572
7.91065	-82.83534
7.91102	-82.83496
7.9114	-82.83458
7.91177	-82.83421
7.91214	-82.83383
7.91252	-82.83345
7.91289	-82.83307
7.91326	-82.8327
7.91364	-82.83232
7.91401	-82.83194
7.91439	-82.83157
7.91476	-82.83119
7.91513	-82.83081
7.91551	-82.83043
7.91588	-82.83006
7.91625	-82.82968
7.91663	-82.8293
7.917	-82.82892
7.91738	-82.82855
7.91775	-82.82817
7.91812	-82.82779
7.9185	-82.82742
7.91887	-82.82704
7.91924	-82.82666
7.91962	-82.82628
7.91999	-82.82591
7.92037	-82.82553
7.92074	-82.82515
7.92111	-82.82477
7.92149	-82.8244
7.92186	-82.82402
7.92223	-82.82364
7.92261	-82.82327
7.92298	-82.82289
7.92336	-82.82251
7.92373	-82.82213
7.9241	-82.82176
7.92448	-82.82138
7.92485	-82.821
7.92522	-82.82062
7.9256	-82.82025
7.92597	-82.81987
7.92634	-82.81949
7.92672	-82.81911
7.92709	-82.81874
7.92747	-82.81836
7.92784	-82.81798
7.92821	-82.81761
7.92859	-82.81723
7.92896	-82.81685
7.92933	-82.81647
7.92971	-82.8161
7.93008	-82.81572
7.93046	-82.81534
7.93083	-82.81496
7.9312	-82.81459
7.93158	-82.81421
7.93195	-82.81383
7.93232	-82.81346
7.9327	-82.81308
7.93307	-82.8127
7.93344	-82.81232
7.93382	-82.81195
7.93419	-82.81157
7.93457	-82.81119
7.93494	-82.81081
7.93531	-82.81044
7.93569	-82.81006
7.93606	-82.80968
7.93643	-82.8093
7.93681	-82.80893
7.93718	-82.80855
7.93756	-82.80817
7.93793	-82.8078
7.9383	-82.80742
7.93868	-82.80704
7.93905	-82.80666
7.93942	-82.80629
7.9398	-82.80591
7.94017	-82.80553
7.94055	-82.80515
7.94092	-82.80478
7.94129	-82.8044
7.94167	-82.80402
7.94204	-82.80364
7.94241	-82.80327
7.94279	-82.80289
7.94316	-82.80251
7.94353	-82.80214
7.94391	-82.80176
7.9445	-82.80174
7.9451	-82.80171
7.94569	-82.80169
7.94628	-82.80167
7.94688	-82.80165
7.94747	-82.80162
7.94806	-82.8016
7.94866	-82.80158
7.94925	-82.80156
7.94984	-82.80154
7.95044	-82.80151
7.95103	-82.80149
7.95162	-82.80147
7.95222	-82.80145
7.95281	-82.80142
7.9534	-82.8014
7.954	-82.80138
7.95459	-82.80136
7.95518	-82.80134
7.95578	-82.80131
7.95637	-82.80129
7.95696	-82.80127
7.95756	-82.80125
7.95815	-82.80123
7.95874	-82.8012
7.95934	-82.80118
7.95993	-82.80116
7.96053	-82.80114
7.96112	-82.80111
7.96171	-82.80109
7.96231	-82.80107
7.9629	-82.80105
7.96349	-82.80103
7.96409	-82.801
7.96468	-82.80098
7.96527	-82.80096
7.96587	-82.80094
7.96646	-82.80091
7.96705	-82.80089
7.96765	-82.80087
7.96824	-82.80085
7.96883	-82.80083
7.96943	-82.8008
7.97002	-82.80078
7.97061	-82.80076
7.97121	-82.80074
7.9718	-82.80071
7.97239	-82.80069
7.97299	-82.80067
7.97358	-82.80065
7.97417	-82.80063
7.97477	-82.8006
7.97536	-82.80058
7.97596	-82.80056
7.97655	-82.80054
7.97714	-82.80051
7.97774	-82.80049
7.97833	-82.80047
7.97892	-82.80045
7.97952	-82.80043
7.98011	-82.8004
7.9807	-82.80038
7.9813	-82.80036
7.98189	-82.80034
7.98248	-82.80032
7.98308	-82.80029
7.98367	-82.80027
7.98426	-82.80025
7.98486	-82.80023
7.98545	-82.8002
7.98604	-82.80018
7.98664	-82.80016
7.98723	-82.80014
7.98782	-82.80012
7.98842	-82.80009
7.98901	-82.80007
7.9896	-82.80005
7.9902	-82.80003
7.99079	-82.8
7.99139	-82.79998
7.99198	-82.79996
7.99257	-82.79994
7.99317	-82.79992
7.99376	-82.79989
7.99435	-82.79987
7.99495	-82.79985
7.99554	-82.79983
7.99613	-82.7998
7.99673	-82.79978
7.99732	-82.79976
7.99791	-82.79974
7.99851	-82.79972
7.9991	-82.79969
7.99969	-82.79967
8.00029	-82.79965
8.00088	-82.79963
8.00147	-82.7996
8.00207	-82.79958
8.00266	-82.79956
8.0033	-82.79947
8.00394	-82.79938
8.00457	-82.79929
8.00521	-82.79921
8.00585	-82.79912
8.00648	-82.79903
8.00712	-82.79894
8.00776	-82.79885
8.0084	-82.79876
8.00903	-82.79867
8.00967	-82.79858
8.01031	-82.7985
8.01095	-82.79841
8.01158	-82.79832
8.01222	-82.79823
8.01286	-82.79814
8.0135	-82.79805
8.01413	-82.79796
8.01477	-82.79787
8.01541	-82.79779
8.01604	-82.7977
8.01668	-82.79761
8.01732	-82.79752
8.01796	-82.79743
8.01859	-82.79734
8.01923	-82.79725
8.01987	-82.79716
8.02051	-82.79708
8.02114	-82.79699
8.02178	-82.7969
8.02242	-82.79681
8.02306	-82.79672
8.02369	-82.79663
8.02433	-82.79654
8.02497	-82.79645
8.0256	-82.79636
8.02624	-82.79628
8.02688	-82.79619
8.02752	-82.7961
8.02815	-82.79601
8.02879	-82.79592
8.02943	-82.79583
8.03007	-82.79574
8.0307	-82.79565
8.03134	-82.79557
8.03198	-82.79548
8.03262	-82.79539
8.03325	-82.7953
8.03389	-82.79521
8.03453	-82.79512
8.03516	-82.79503
8.0358	-82.79494
8.03644	-82.79486
8.03708	-82.79477
8.03771	-82.79468
8.03835	-82.79459
8.03899	-82.7945
8.03963	-82.79441
8.04026	-82.79432
8.0409	-82.79423
8.04154	-82.79415
8.04218	-82.79406
8.04281	-82.79397
8.04345	-82.79388
8.04409	-82.79379
8.04472	-82.7937
8.04536	-82.79361
8.046	-82.79352
8.04664	-82.79344
8.04727	-82.79335
8.04791	-82.79326
8.04855	-82.79317
8.04919	-82.79308
8.04982	-82.79299
8.05046	-82.7929
8.0511	-82.79281
8.05174	-82.79272
8.05237	-82.79264
8.05301	-82.79255
8.05365	-82.79246
8.05428	-82.79237
8.05492	-82.79228
8.05556	-82.79219
8.0562	-82.7921
8.05683	-82.79201
8.05747	-82.79193
8.05811	-82.79184
8.05875	-82.79175
8.05938	-82.79166
8.06002	-82.79157
8.06066	-82.79148
8.06129	-82.79139
8.06193	-82.7913
8.06257	-82.79122
8.06321	-82.79113
8.06384	-82.79104
8.06448	-82.79095
8.06512	-82.79086
8.06576	-82.79077
8.06609	-82.7907
8.06642	-82.79064
8.06675	-82.79057
8.06707	-82.79051
8.0674	-82.79044
8.06773	-82.79037
8.06806	-82.79031
8.06839	-82.79024
8.06872	-82.79017
8.06905	-82.79011
8.06938	-82.79004
8.06971	-82.78997
8.07004	-82.78991
8.07037	-82.78984
8.0707	-82.78977
8.07103	-82.78971
8.07136	-82.78964
8.07169	-82.78957
8.07202	-82.78951
8.07235	-82.78944
8.07268	-82.78937
8.07301	-82.78931
8.07334	-82.78924
8.07367	-82.78917
8.074	-82.78911
8.07433	-82.78904
8.07466	-82.78897
8.07499	-82.78891
8.07532	-82.78884
8.07564	-82.78877
8.07597	-82.78871
8.0763	-82.78864
8.07663	-82.78857
8.07696	-82.78851
8.07729	-82.78844
8.07762	-82.78837
8.07795	-82.78831
8.07828	-82.78824
8.07861	-82.78817
8.07894	-82.78811
8.07927	-82.78804
8.0796	-82.78798
8.07993	-82.78791
8.08026	-82.78784
8.08059	-82.78778
8.08092	-82.78771
8.08125	-82.78764
8.08158	-82.78758
8.08191	-82.78751
8.08224	-82.78744
8.08257	-82.78738
8.0829	-82.78731
8.08323	-82.78724
8.08356	-82.78718
8.08388	-82.78711
8.08421	-82.78704
8.08454	-82.78698
8.08487	-82.78691
8.0852	-82.78684
8.08553	-82.78678
8.08586	-82.78671
8.08619	-82.78664
8.08652	-82.78658
8.08685	-82.78651
8.08718	-82.78644
8.08751	-82.78638
8.08784	-82.78631
8.08817	-82.78624
8.0885	-82.78618
8.08883	-82.78611
8.08916	-82.78604
8.08949	-82.78598
8.08982	-82.78591
8.09015	-82.78584
8.09048	-82.78578
8.09081	-82.78571
8.09114	-82.78564
8.09147	-82.78558
8.0918	-82.78551
8.09213	-82.78544
8.09245	-82.78538
8.09278	-82.78531
8.09311	-82.78525
8.09344	-82.78518
8.09377	-82.78511
8.0941	-82.78505
8.09443	-82.78498
8.09476	-82.78491
8.09509	-82.78485
8.09542	-82.78478
8.09575	-82.78471
8.09608	-82.78465
8.09641	-82.78458
8.09674	-82.78451
8.09707	-82.78445
8.0974	-82.78438
8.09773	-82.78431
8.09806	-82.78425
8.09839	-82.78418
8.09848	-82.7838
8.09856	-82.78343
8.09865	-82.78305
8.09874	-82.78267
8.09883	-82.78229
8.09892	-82.78192
8.099	-82.78154
8.09909	-82.78116
8.09918	-82.78078
8.09927	-82.78041
8.09935	-82.78003
8.09944	-82.77965
8.09953	-82.77927
8.09962	-82.7789
8.09971	-82.77852
8.09979	-82.77814
8.09988	-82.77777
8.09997	-82.77739
8.10006	-82.77701
8.10015	-82.77663
8.10023	-82.77626
8.10032	-82.77588
8.10041	-82.7755
8.1005	-82.77512
8.10059	-82.77475
8.10067	-82.77437
8.10076	-82.77399
8.10085	-82.77362
8.10094	-82.77324
8.10103	-82.77286
8.10111	-82.77248
8.1012	-82.77211
8.10129	-82.77173
8.10138	-82.77135
8.10146	-82.77097
8.10155	-82.7706
8.10164	-82.77022
8.10173	-82.76984
8.10182	-82.76946
8.1019	-82.76909
8.10199	-82.76871
8.10208	-82.76833
8.10217	-82.76796
8.10226	-82.76758
8.10234	-82.7672
8.10243	-82.76682
8.10252	-82.76645
8.10261	-82.76607
8.1027	-82.76569
8.10278	-82.76531
8.10287	-82.76494
8.10296	-82.76456
8.10305	-82.76418
8.10313	-82.76381
8.10322	-82.76343
8.10331	-82.76305
8.1034	-82.76267
8.10349	-82.7623
8.10357	-82.76192
8.10366	-82.76154
8.10375	-82.76116
8.10384	-82.76079
8.10393	-82.76041
8.10401	-82.76003
8.1041	-82.75965
8.10419	-82.75928
8.10428	-82.7589
8.10436	-82.75852
8.10445	-82.75815
8.10454	-82.75777
8.10463	-82.75739
8.10472	-82.75701
8.1048	-82.75664
8.10489	-82.75626
8.10498	-82.75588
8.10507	-82.7555
8.10516	-82.75513
8.10524	-82.75475
8.10533	-82.75437
8.10542	-82.754
8.10551	-82.75362
8.1056	-82.75324
8.10568	-82.75286
8.10577	-82.75249
8.10586	-82.75211
8.10595	-82.75173
8.10603	-82.75135
8.10612	-82.75098
8.10621	-82.7506
8.1063	-82.75022
8.10639	-82.74984
8.10647	-82.74947
8.10656	-82.74909
8.10665	-82.74871
8.10674	-82.74834
8.10683	-82.74796
8.10691	-82.74758
8.107	-82.7472
8.10709	-82.74683
8.10676	-82.74649
8.10643	-82.74616
8.1061	-82.74583
8.10577	-82.74549
8.10544	-82.74516
8.10511	-82.74483
8.10478	-82.7445
8.10445	-82.74416
8.10412	-82.74383
8.10379	-82.7435
8.10346	-82.74316
8.10313	-82.74283
8.1028	-82.7425
8.10247	-82.74216
8.10215	-82.74183
8.10182	-82.7415
8.10149	-82.74117
8.10116	-82.74083
8.10083	-82.7405
8.1005	-82.74017
8.10017	-82.73983
8.09984	-82.7395
8.09951	-82.73917
8.09918	-82.73884
8.09885	-82.7385
8.09852	-82.73817
8.09819	-82.73784
8.09786	-82.7375
8.09753	-82.73717
8.0972	-82.73684
8.09687	-82.73651
8.09654	-82.73617
8.09621	-82.73584
8.09588	-82.73551
8.09555	-82.73517
8.09522	-82.73484
8.09489	-82.73451
8.09456	-82.73417
8.09423	-82.73384
8.09391	-82.73351
8.09358	-82.73318
8.09325	-82.73284
8.09292	-82.73251
8.09259	-82.73218
8.09226	-82.73184
8.09193	-82.73151
8.0916	-82.73118
8.09127	-82.73085
8.09094	-82.73051
8.09061	-82.73018
8.09028	-82.72985
8.08995	-82.72951
8.08962	-82.72918
8.08929	-82.72885
8.08896	-82.72851
8.08863	-82.72818
8.0883	-82.72785
8.08797	-82.72752
8.08764	-82.72718
8.08731	-82.72685
8.08698	-82.72652
8.08665	-82.72618
8.08632	-82.72585
8.08599	-82.72552
8.08567	-82.72519
8.08534	-82.72485
8.08501	-82.72452
8.08468	-82.72419
8.08435	-82.72385
8.08402	-82.72352
8.08369	-82.72319
8.08336	-82.72286
8.08303	-82.72252
8.0827	-82.72219
8.08237	-82.72186
8.08204	-82.72152
8.08171	-82.72119
8.08138	-82.72086
8.08105	-82.72053
8.08072	-82.72019
8.08039	-82.71986
8.08006	-82.71953
8.07973	-82.71919
8.0794	-82.71886
8.07907	-82.71853
8.07874	-82.71819
8.07841	-82.71786
8.07808	-82.71753
8.07775	-82.7172
8.07742	-82.71686
8.0771	-82.71653
8.07677	-82.7162
8.07644	-82.71586
8.07611	-82.71553
8.07578	-82.7152
8.07545	-82.71487
8.07512	-82.71453
8.07479	-82.7142
8.07446	-82.71387
8.07365	-82.71365
8.07283	-82.71342
8.07202	-82.7132
8.07121	-82.71298
8.07039	-82.71276
8.06958	-82.71254
8.06877	-82.71231
8.06795	-82.71209
8.06714	-82.71187
8.06633	-82.71165
8.06551	-82.71143
8.0647	-82.7112
8.06389	-82.71098
8.06307	-82.71076
8.06226	-82.71054
8.06145	-82.71032
8.06063	-82.71009
8.05982	-82.70987
8.05901	-82.70965
8.0582	-82.70943
8.05738	-82.70921
8.05657	-82.70898
8.05576	-82.70876
8.05494	-82.70854
8.05413	-82.70832
8.05332	-82.7081
8.0525	-82.70787
8.05169	-82.70765
8.05088	-82.70743
8.05006	-82.70721
8.04925	-82.70699
8.04844	-82.70676
8.04762	-82.70654
8.04681	-82.70632
8.046	-82.7061
8.04519	-82.70588
8.04437	-82.70565
8.04356	-82.70543
8.04275	-82.70521
8.04193	-82.70499
8.04112	-82.70477
8.04031	-82.70454
8.03949	-82.70432
8.03868	-82.7041
8.03787	-82.70388
8.03705	-82.70366
8.03624	-82.70343
8.03543	-82.70321
8.03461	-82.70299
8.0338	-82.70277
8.03299	-82.70255
8.03218	-82.70232
8.03136	-82.7021
8.03055	-82.70188
8.02974	-82.70166
8.02892	-82.70144
8.02811	-82.70122
8.0273	-82.70099
8.02648	-82.70077
8.02567	-82.70055
8.02486	-82.70033
8.02404	-82.70011
8.02323	-82.69988
8.02242	-82.69966
8.0216	-82.69944
8.02079	-82.69922
8.01998	-82.699
8.01916	-82.69877
8.01835	-82.69855
8.01754	-82.69833
8.01673	-82.69811
8.01591	-82.69789
8.0151	-82.69766
8.01429	-82.69744
8.01347	-82.69722
8.01266	-82.697
8.01185	-82.69678
8.01103	-82.69655
8.01022	-82.69633
8.00941	-82.69611
8.00859	-82.69589
8.00778	-82.69567
8.00697	-82.69545
8.00615	-82.69522
8.00534	-82.695
8.00453	-82.69478
8.00372	-82.69456
8.0029	-82.69434
8.00209	-82.69411
8.00128	-82.69389
8.00046	-82.69367
7.99965	-82.69345
7.99884	-82.69323
7.99802	-82.693
7.99721	-82.69278
7.9964	-82.69256
7.99558	-82.69234
7.99477	-82.69212
7.99396	-82.69189
7.99347	-82.69178
7.99299	-82.69167
7.99251	-82.69156
7.99202	-82.69145
7.99154	-82.69134
7.99106	-82.69123
7.99057	-82.69112
7.99009	-82.69101
7.98961	-82.6909
7.98912	-82.69078
7.98864	-82.69067
7.98815	-82.69056
7.98767	-82.69045
7.98719	-82.69034
7.9867	-82.69023
7.98622	-82.69012
7.98574	-82.69001
7.98525	-82.6899
7.98477	-82.68979
7.98429	-82.68967
7.9838	-82.68956
7.98332	-82.68945
7.98284	-82.68934
7.98235	-82.68923
7.98187	-82.68912
7.98138	-82.68901
7.9809	-82.6889
7.98042	-82.68879
7.97993	-82.68868
7.97945	-82.68857
7.97897	-82.68845
7.97848	-82.68834
7.978	-82.68823
7.97752	-82.68812
7.97703	-82.68801
7.97655	-82.6879
7.97607	-82.68779
7.97558	-82.68768
7.9751	-82.68757
7.97461	-82.68746
7.97413	-82.68734
7.97365	-82.68723
7.97316	-82.68712
7.97268	-82.68701
7.9722	-82.6869
7.97171	-82.68679
7.97123	-82.68668
7.97075	-82.68657
7.97026	-82.68646
7.96978	-82.68635
7.9693	-82.68623
7.96881	-82.68612
7.96833	-82.68601
7.96784	-82.6859
7.96736	-82.68579
7.96688	-82.68568
7.96639	-82.68557
7.96591	-82.68546
7.96543	-82.68535
7.96494	-82.68524
7.96446	-82.68512
7.96398	-82.68501
7.96349	-82.6849
7.96301	-82.68479
7.96253	-82.68468
7.96204	-82.68457
7.96156	-82.68446
7.96108	-82.68435
7.96059	-82.68424
7.96011	-82.68413
7.95962	-82.68402
7.95914	-82.6839
7.95866	-82.68379
7.95817	-82.68368
7.95769	-82.68357
7.95721	-82.68346
7.95672	-82.68335
7.95624	-82.68324
7.95576	-82.68313
7.95527	-82.68302
7.95479	-82.68291
7.95431	-82.68279
7.95382	-82.68268
7.95334	-82.68257
7.95285	-82.68246
7.95237	-82.68235
7.95189	-82.68224
7.9514	-82.68213
7.95092	-82.68202
7.95044	-82.68191
7.94995	-82.6818
7.94947	-82.68168
7.94899	-82.68157
7.9485	-82.68146
7.94802	-82.68135
7.94754	-82.68124
7.94705	-82.68113
7.94657	-82.68102
7.94608	-82.68091
7.94573	-82.68033
7.94538	-82.67975
7.94503	-82.67918
7.94468	-82.6786
7.94433	-82.67802
7.94397	-82.67745
7.94362	-82.67687
7.94327	-82.67629
7.94292	-82.67571
7.94257	-82.67514
7.94222	-82.67456
7.94186	-82.67398
7.94151	-82.67341
7.94116	-82.67283
7.94081	-82.67225
7.94046	-82.67167
7.94011	-82.6711
7.93975	-82.67052
7.9394	-82.66994
7.93905	-82.66937
7.9387	-82.66879
7.93835	-82.66821
7.938	-82.66763
7.93764	-82.66706
7.93729	-82.66648
7.93694	-82.6659
7.93659	-82.66533
7.93624	-82.66475
7.93589	-82.66417
7.93553	-82.6636
7.93518	-82.66302
7.93483	-82.66244
7.93448	-82.66186
7.93413	-82.66129
7.93378	-82.66071
7.93342	-82.66013
7.93307	-82.65956
7.93272	-82.65898
7.93237	-82.6584
7.93202	-82.65782
7.93166	-82.65725
7.93131	-82.65667
7.93096	-82.65609
7.93061	-82.65552
7.93026	-82.65494
7.92991	-82.65436
7.92955	-82.65379
7.9292	-82.65321
7.92885	-82.65263
7.9285	-82.65205
7.92815	-82.65148
7.9278	-82.6509
7.92744	-82.65032
7.92709	-82.64975
7.92674	-82.64917
7.92639	-82.64859
7.92604	-82.64801
7.92569	-82.64744
7.92533	-82.64686
7.92498	-82.64628
7.92463	-82.64571
7.92428	-82.64513
7.92393	-82.64455
7.92358	-82.64398
7.92322	-82.6434
7.92287	-82.64282
7.92252	-82.64224
7.92217	-82.64167
7.92182	-82.64109
7.92147	-82.64051
7.92111	-82.63994
7.92076	-82.63936
7.92041	-82.63878
7.92006	-82.6382
7.91971	-82.63763
7.91935	-82.63705
7.919	-82.63647
7.91865	-82.6359
7.9183	-82.63532
7.91795	-82.63474
7.9176	-82.63417
7.91724	-82.63359
7.91689	-82.63301
7.91654	-82.63243
7.91619	-82.63186
7.91584	-82.63128
7.91549	-82.6307
7.91513	-82.63013
7.91478	-82.62955
7.91443	-82.62897
7.91408	-82.6284
7.91373	-82.62782
7.91337	-82.62724
7.91302	-82.62666
7.91267	-82.62609
7.91232	-82.62551
7.91197	-82.62493
7.91162	-82.62436
7.91126	-82.62378
7.91052	-82.62342
7.90977	-82.62307
7.90902	-82.62271
7.90827	-82.62236
7.90753	-82.622
7.90678	-82.62165
7.90603	-82.62129
7.90528	-82.62094
7.90454	-82.62058
7.90379	-82.62023
7.90304	-82.61987
7.90229	-82.61952
7.90155	-82.61916
7.9008	-82.61881
7.90005	-82.61845
7.8993	-82.6181
7.89856	-82.61774
7.89781	-82.61739
7.89706	-82.61703
7.89631	-82.61668
7.89557	-82.61632
7.89482	-82.61597
7.89407	-82.61561
7.89332	-82.61526
7.89258	-82.6149
7.89183	-82.61455
7.89108	-82.61419
7.89033	-82.61383
7.88959	-82.61348
7.88884	-82.61312
7.88809	-82.61277
7.88734	-82.61241
7.8866	-82.61206
7.88585	-82.6117
7.8851	-82.61135
7.88435	-82.61099
7.88361	-82.61064
7.88286	-82.61028
7.88211	-82.60993
7.88136	-82.60957
7.88062	-82.60922
7.87987	-82.60886
7.87912	-82.60851
7.87837	-82.60815
7.87763	-82.6078
7.87688	-82.60744
7.87613	-82.60709
7.87538	-82.60673
7.87464	-82.60638
7.87389	-82.60602
7.87314	-82.60567
7.87239	-82.60531
7.87165	-82.60496
7.8709	-82.6046
7.87015	-82.60425
7.8694	-82.60389
7.86866	-82.60354
7.86791	-82.60318
7.86716	-82.60283
7.86641	-82.60247
7.86567	-82.60212
7.86492	-82.60176
7.86417	-82.60141
7.86342	-82.60105
7.86268	-82.6007
7.86193	-82.60034
7.86118	-82.59999
7.86043	-82.59963
7.85969	-82.59928
7.85894	-82.59892
7.85819	-82.59856
7.85744	-82.59821
7.8567	-82.59785
7.85595	-82.5975
7.8552	-82.59714
7.85445	-82.59679
7.85371	-82.59643
7.85296	-82.59608
7.85221	-82.59572
7.85146	-82.59537
7.85072	-82.59501
7.84997	-82.59466
7.84922	-82.5943
7.84847	-82.59395
7.84773	-82.59359
7.84698	-82.59324
7.84623	-82.59288
7.84548	-82.59253
7.84474	-82.59217
7.84399	-82.59182
7.84324	-82.59146
7.84249	-82.59111
7.84175	-82.59075
7.841	-82.5904
7.84025	-82.59004
7.8395	-82.58969
7.83876	-82.58933
7.83801	-82.58898
7.83726	-82.58862
7.83656	-82.58829
7.83585	-82.58796
7.83515	-82.58762
7.83445	-82.58729
7.83374	-82.58696
7.83304	-82.58663
7.83234	-82.58629
7.83163	-82.58596
7.83093	-82.58563
7.83023	-82.58529
7.82952	-82.58496
7.82882	-82.58463
7.82811	-82.58429
7.82741	-82.58396
7.82671	-82.58363
7.826	-82.5833
7.8253	-82.58296
7.8246	-82.58263
7.82389	-82.5823
7.82319	-82.58196
7.82249	-82.58163
7.82178	-82.5813
7.82108	-82.58096
7.82037	-82.58063
7.81967	-82.5803
7.81897	-82.57997
7.81826	-82.57963
7.81756	-82.5793
7.81686	-82.57897
7.81615	-82.57863
7.81545	-82.5783
7.81475	-82.57797
7.81404	-82.57764
7.81334	-82.5773
7.81263	-82.57697
7.81193	-82.57664
7.81123	-82.5763
7.81052	-82.57597
7.80982	-82.57564
7.80912	-82.5753
7.80841	-82.57497
7.80771	-82.57464
7.80701	-82.57431
7.8063	-82.57397
7.8056	-82.57364
7.80489	-82.57331
7.80419	-82.57297
7.80349	-82.57264
7.80278	-82.57231
7.80208	-82.57198
7.80138	-82.57164
7.80067	-82.57131
7.79997	-82.57098
7.79926	-82.57064
7.79856	-82.57031
7.79786	-82.56998
7.79715	-82.56965
7.79645	-82.56931
7.79575	-82.56898
7.79504	-82.56865
7.79434	-82.56831
7.79364	-82.56798
7.79293	-82.56765
7.79223	-82.56731
7.79152	-82.56698
7.79082	-82.56665
7.79012	-82.56632
7.78941	-82.56598
7.78871	-82.56565
7.78801	-82.56532
7.7873	-82.56498
7.7866	-82.56465
7.7859	-82.56432
7.78519	-82.56399
7.78449	-82.56365
7.78378	-82.56332
7.78308	-82.56299
7.78238	-82.56265
7.78167	-82.56232
7.78097	-82.56199
7.78027	-82.56166
7.77956	-82.56132
7.77886	-82.56099
7.77816	-82.56066
7.77745	-82.56032
7.77675	-82.55999
7.77604	-82.55966
7.77534	-82.55933
7.77464	-82.55899
7.77393	-82.55866
7.77323	-82.55833
7.77253	-82.55799
7.77182	-82.55766
7.77112	-82.55733
7.77041	-82.557
7.76971	-82.55666
7.76901	-82.55633
7.7683	-82.556
7.7676	-82.55566
7.76668	-82.55502
7.76575	-82.55438
7.76483	-82.55373
7.76391	-82.55309
7.76298	-82.55245
7.76206	-82.5518
7.76113	-82.55116
7.76021	-82.55051
7.75929	-82.54987
7.75836	-82.54923
7.75744	-82.54858
7.75652	-82.54794
7.75559	-82.5473
7.75467	-82.54665
7.75374	-82.54601
7.75282	-82.54536
7.7519	-82.54472
7.75097	-82.54408
7.75005	-82.54343
7.74913	-82.54279
7.7482	-82.54215
7.74728	-82.5415
7.74636	-82.54086
7.74543	-82.54021
7.74451	-82.53957
7.74358	-82.53893
7.74266	-82.53828
7.74174	-82.53764
7.74081	-82.537
7.73989	-82.53635
7.73897	-82.53571
7.73804	-82.53506
7.73712	-82.53442
7.73619	-82.53378
7.73527	-82.53313
7.73435	-82.53249
7.73342	-82.53185
7.7325	-82.5312
7.73158	-82.53056
7.73065	-82.52992
7.72973	-82.52927
7.72881	-82.52863
7.72788	-82.52798
7.72696	-82.52734
7.72603	-82.5267
7.72511	-82.52605
7.72419	-82.52541
7.72326	-82.52477
7.72234	-82.52412
7.72142	-82.52348
7.72049	-82.52283
7.71957	-82.52219
7.71864	-82.52155
7.71772	-82.5209
7.7168	-82.52026
7.71587	-82.51962
7.71495	-82.51897
7.71403	-82.51833
7.7131	-82.51769
7.71218	-82.51704
7.71125	-82.5164
7.71033	-82.51575
7.70941	-82.51511
7.70848	-82.51447
7.70756	-82.51382
7.70664	-82.51318
7.70571	-82.51254
7.70479	-82.51189
7.70386	-82.51125
7.70294	-82.51061
7.70202	-82.50996
7.70109	-82.50932
7.70017	-82.50868
7.69925	-82.50803
7.69832	-82.50739
7.6974	-82.50674
7.69647	-82.5061
7.69555	-82.50546
7.69463	-82.50481
7.6937	-82.50417
7.69278	-82.50353
7.69186	-82.50288
7.69093	-82.50224
7.69001	-82.5016
7.68908	-82.50095
7.68816	-82.50031
7.68724	-82.49967
7.68631	-82.49902
7.68539	-82.49838
7.68447	-82.49774
7.68354	-82.49709
7.68262	-82.49645
7.68169	-82.4958
7.68077	-82.49516
7.67985	-82.49452
7.67892	-82.49387
7.678	-82.49323
7.67708	-82.49259
7.67615	-82.49194
7.67499	-82.49103
7.67382	-82.49012
7.67265	-82.48921
7.67149	-82.4883
7.67032	-82.48739
7.66916	-82.48648
7.66799	-82.48557
7.66683	-82.48466
7.66566	-82.48375
7.66449	-82.48284
7.66333	-82.48193
7.66216	-82.48102
7.661	-82.48011
7.65983	-82.4792
7.65866	-82.47829
7.6575	-82.47738
7.65633	-82.47647
7.65517	-82.47556
7.654	-82.47465
7.65283	-82.47374
7.65167	-82.47283
7.6505	-82.47192
7.64934	-82.47101
7.64817	-82.4701
7.64701	-82.46919
7.64584	-82.46828
7.64467	-82.46737
7.64351	-82.46646
7.64234	-82.46555
7.64118	-82.46464
7.64001	-82.46373
7.63884	-82.46282
7.63768	-82.46191
7.63651	-82.461
7.63535	-82.46009
7.63418	-82.45918
7.63301	-82.45827
7.63185	-82.45736
7.63068	-82.45645
7.62952	-82.45554
7.62835	-82.45463
7.62719	-82.45372
7.62602	-82.45281
7.62485	-82.4519
7.62369	-82.45099
7.62252	-82.45008
7.62136	-82.44917
7.62019	-82.44826
7.61902	-82.44735
7.61786	-82.44644
7.61669	-82.44553
7.61553	-82.44462
7.61436	-82.44371
7.61319	-82.4428
7.61203	-82.44189
7.61086	-82.44098
7.6097	-82.44007
7.60853	-82.43916
7.60736	-82.43825
7.6062	-82.43734
7.60503	-82.43643
7.60387	-82.43552
7.6027	-82.43461
7.60153	-82.4337
7.60037	-82.43279
7.5992	-82.43188
7.59804	-82.43097
7.59687	-82.43006
7.5957	-82.42915
7.59454	-82.42824
7.59337	-82.42733
7.59221	-82.42642
7.59104	-82.42551
7.58987	-82.4246
7.58871	-82.42369
7.58754	-82.42278
7.58638	-82.42187
7.58521	-82.42096
7.58404	-82.42005
7.58288	-82.41914
7.58171	-82.41823
7.58055	-82.41732
7.57938	-82.41641
7.57821	-82.4155
7.57705	-82.41459
7.57588	-82.41368
7.57472	-82.41277
7.57355	-82.41186
7.57238	-82.41095
7.57122	-82.41004
7.57005	-82.40913
7.56889	-82.40822
7.56772	-82.40731
7.56655	-82.4064
7.56539	-82.40549
7.56422	-82.40458
7.56306	-82.40367
7.56189	-82.40277
7.56072	-82.40186
7.55987	-82.4015
7.55901	-82.40115
7.55815	-82.40079
7.55729	-82.40043
7.55643	-82.40008
7.55558	-82.39972
7.55472	-82.39937
7.55386	-82.39901
7.553	-82.39866
7.55214	-82.3983
7.55129	-82.39795
7.55043	-82.39759
7.54957	-82.39724
7.54871	-82.39688
7.54785	-82.39653
7.54699	-82.39617
7.54614	-82.39582
7.54528	-82.39546
7.54442	-82.39511
7.54356	-82.39475
7.5427	-82.3944
7.54185	-82.39404
7.54099	-82.39369
7.54013	-82.39333
7.53927	-82.39298
7.53841	-82.39262
7.53756	-82.39227
7.5367	-82.39191
7.53584	-82.39156
7.53498	-82.3912
7.53412	-82.39085
7.53326	-82.39049
7.53241	-82.39014
7.53155	-82.38978
7.53069	-82.38942
7.52983	-82.38907
7.52897	-82.38871
7.52812	-82.38836
7.52726	-82.388
7.5264	-82.38765
7.52554	-82.38729
7.52468	-82.38694
7.52382	-82.38658
7.52297	-82.38623
7.52211	-82.38587
7.52125	-82.38552
7.52039	-82.38516
7.51953	-82.38481
7.51868	-82.38445
7.51782	-82.3841
7.51696	-82.38374
7.5161	-82.38339
7.51524	-82.38303
7.51439	-82.38268
7.51353	-82.38232
7.51267	-82.38197
7.51181	-82.38161
7.51095	-82.38126
7.51009	-82.3809
7.50924	-82.38055
7.50838	-82.38019
7.50752	-82.37984
7.50666	-82.37948
7.5058	-82.37913
7.50495	-82.37877
7.50409	-82.37842
7.50323	-82.37806
7.50237	-82.37771
7.50151	-82.37735
7.50065	-82.377
7.4998	-82.37664
7.49894	-82.37629
7.49808	-82.37593
7.49722	-82.37558
7.49636	-82.37522
7.49551	-82.37487
7.49465	-82.37451
7.49379	-82.37416
7.49293	-82.3738
7.49207	-82.37345
7.49121	-82.37309
7.49036	-82.37274
7.4895	-82.37238
7.48864	-82.37203
7.48778	-82.37167
7.48692	-82.37131
7.48607	-82.37096
7.48521	-82.3706
7.48435	-82.37025
7.48349	-82.36989
7.48263	-82.36954
7.48178	-82.36918
7.48092	-82.36883
7.48006	-82.36847
7.4792	-82.36812
7.47834	-82.36776
7.47748	-82.36741
7.47663	-82.36705
7.47577	-82.3667
7.47447	-82.36554
7.47317	-82.36439
7.47187	-82.36324
7.47057	-82.36208
7.46928	-82.36093
7.46798	-82.35977
7.46668	-82.35862
7.46538	-82.35746
7.46408	-82.35631
7.46278	-82.35515
7.46149	-82.354
7.46019	-82.35285
7.45889	-82.35169
7.45759	-82.35054
7.45629	-82.34938
7.45499	-82.34823
7.45369	-82.34707
7.4524	-82.34592
7.4511	-82.34477
7.4498	-82.34361
7.4485	-82.34246
7.4472	-82.3413
7.4459	-82.34015
7.44461	-82.33899
7.44331	-82.33784
7.44201	-82.33669
7.44071	-82.33553
7.43941	-82.33438
7.43811	-82.33322
7.43681	-82.33207
7.43552	-82.33091
7.43422	-82.32976
7.43292	-82.32861
7.43162	-82.32745
7.43032	-82.3263
7.42902	-82.32514
7.42773	-82.32399
7.42643	-82.32283
7.42513	-82.32168
7.42383	-82.32053
7.42253	-82.31937
7.42123	-82.31822
7.41993	-82.31706
7.41864	-82.31591
7.41734	-82.31476
7.41604	-82.3136
7.41474	-82.31245
7.41344	-82.31129
7.41214	-82.31014
7.41084	-82.30898
7.40955	-82.30783
7.40825	-82.30668
7.40695	-82.30552
7.40565	-82.30437
7.40435	-82.30321
7.40305	-82.30206
7.40175	-82.30091
7.40046	-82.29975
7.39916	-82.2986
7.39786	-82.29744
7.39656	-82.29629
7.39526	-82.29514
7.39396	-82.29398
7.39266	-82.29283
7.39137	-82.29167
7.39007	-82.29052
7.38877	-82.28937
7.38747	-82.28821
7.38617	-82.28706
7.38487	-82.2859
7.38357	-82.28475
7.38228	-82.2836
7.38098	-82.28244
7.37968	-82.28129
7.37838	-82.28013
7.37708	-82.27898
7.37578	-82.27783
7.37448	-82.27667
7.37319	-82.27552
7.37189	-82.27436
7.37059	-82.27321
7.36929	-82.27206
7.36799	-82.2709
7.36669	-82.26975
7.36539	-82.2686
7.3641	-82.26744
7.3628	-82.26629
7.3615	-82.26513
7.3602	-82.26398
7.3589	-82.26283
7.3576	-82.26167
7.3563	-82.26052
7.355	-82.25936
7.35371	-82.25821
7.35241	-82.25706
7.35111	-82.2559
7.34981	-82.25475
7.34851	-82.2536
7.34721	-82.25244
7.34699	-82.2514
7.34677	-82.25036
7.34655	-82.24931
7.34633	-82.24827
7.34611	-82.24723
7.34589	-82.24618
7.34567	-82.24514
7.34545	-82.2441
7.34523	-82.24305
7.34501	-82.24201
7.34479	-82.24097
7.34457	-82.23992
7.34435	-82.23888
7.34413	-82.23784
7.34391	-82.23679
7.34369	-82.23575
7.34347	-82.23471
7.34325	-82.23366
7.34303	-82.23262
7.34281	-82.23158
7.34259	-82.23053
7.34237	-82.22949
7.34215	-82.22845
7.34193	-82.2274
7.34171	-82.22636
7.34149	-82.22532
7.34127	-82.22428
7.34105	-82.22323
7.34083	-82.22219
7.34061	-82.22115
7.34039	-82.2201
7.34017	-82.21906
7.33995	-82.21802
7.33973	-82.21697
7.33951	-82.21593
7.33929	-82.21489
7.33907	-82.21384
7.33885	-82.2128
7.33863	-82.21176
7.33841	-82.21071
7.33819	-82.20967
7.33797	-82.20863
7.33775	-82.20758
7.33753	-82.20654
7.33731	-82.2055
7.33709	-82.20446
7.33687	-82.20341
7.33665	-82.20237
7.33643	-82.20133
7.33621	-82.20028
7.33599	-82.19924
7.33577	-82.1982
7.33555	-82.19715
7.33533	-82.19611
7.33511	-82.19507
7.33489	-82.19402
7.33467	-82.19298
7.33445	-82.19194
7.33423	-82.19089
7.33401	-82.18985
7.33379	-82.18881
7.33357	-82.18777
7.33335	-82.18672
7.33313	-82.18568
7.33291	-82.18464
7.33269	-82.18359
7.33247	-82.18255
7.33225	-82.18151
7.33203	-82.18046
7.33181	-82.17942
7.33159	-82.17838
7.33137	-82.17733
7.33115	-82.17629
7.33093	-82.17525
7.33071	-82.1742
7.33048	-82.17316
7.33026	-82.17212
7.33004	-82.17108
7.32982	-82.17003
7.3296	-82.16899
7.32938	-82.16795
7.32916	-82.1669
7.32894	-82.16586
7.32872	-82.16482
7.3285	-82.16377
7.32828	-82.16273
7.32806	-82.16169
7.32784	-82.16064
7.32762	-82.1596
7.3274	-82.15856
7.32718	-82.15751
7.32696	-82.15647
7.32674	-82.15543
7.32652	-82.15439
7.3263	-82.15334
7.32608	-82.1523
7.32586	-82.15126
7.32564	-82.15021
7.32542	-82.14917
7.32487	-82.14775
7.32432	-82.14633
7.32377	-82.14491
7.32322	-82.14349
7.32267	-82.14207
7.32212	-82.14065
7.32157	-82.13923
7.32102	-82.13781
7.32047	-82.13638
7.31992	-82.13496
7.31937	-82.13354
7.31882	-82.13212
7.31827	-82.1307
7.31772	-82.12928
7.31717	-82.12786
7.31662	-82.12644
7.31607	-82.12502
7.31552	-82.1236
7.31497	-82.12218
7.31442	-82.12076
7.31387	-82.11934
7.31332	-82.11792
7.31277	-82.1165
7.31221	-82.11508
7.31166	-82.11366
7.31111	-82.11223
7.31056	-82.11081
7.31001	-82.10939
7.30946	-82.10797
7.30891	-82.10655
7.30836	-82.10513
7.30781	-82.10371
7.30726	-82.10229
7.30671	-82.10087
7.30616	-82.09945
7.30561	-82.09803
7.30506	-82.09661
7.30451	-82.09519
7.30396	-82.09377
7.30341	-82.09235
7.30286	-82.09093
7.30231	-82.08951
7.30176	-82.08809
7.30121	-82.08667
7.30066	-82.08525
7.30011	-82.08382
7.29956	-82.0824
7.29901	-82.08098
7.29846	-82.07956
7.29791	-82.07814
7.29736	-82.07672
7.29681	-82.0753
7.29626	-82.07388
7.29571	-82.07246
7.29515	-82.07104
7.2946	-82.06962
7.29405	-82.0682
7.2935	-82.06678
7.29295	-82.06536
7.2924	-82.06394
7.29185	-82.06252
7.2913	-82.0611
7.29075	-82.05968
7.2902	-82.05826
7.28965	-82.05684
7.2891	-82.05542
7.28855	-82.054
7.288	-82.05258
7.28745	-82.05115
7.2869	-82.04973
7.28635	-82.04831
7.2858	-82.04689
7.28525	-82.04547
7.2847	-82.04405
7.28415	-82.04263
7.2836	-82.04121
7.28305	-82.03979
7.28249	-82.03837
7.28194	-82.03695
7.28139	-82.03553
7.28084	-82.03411
7.28029	-82.03269
7.27974	-82.03127
7.27919	-82.02985
7.27864	-82.02843
7.27809	-82.02701
7.27754	-82.02559
7.27699	-82.02417
7.27644	-82.02275
7.27589	-82.02133
7.27534	-82.01991
7.27479	-82.01849
7.27424	-82.01707
7.27369	-82.01565
7.27314	-82.01423
7.27258	-82.01281
7.27203	-82.01139
7.27148	-82.00997
7.27093	-82.00854
7.2708	-82.00759
7.27067	-82.00664
7.27054	-82.00568
7.27041	-82.00473
7.27027	-82.00377
7.27014	-82.00282
7.27001	-82.00186
7.26988	-82.00091
7.26975	-81.99996
7.26961	-81.999
7.26948	-81.99805
7.26935	-81.99709
7.26922	-81.99614
7.26908	-81.99518
7.26895	-81.99423
7.26882	-81.99327
7.26869	-81.99232
7.26856	-81.99137
7.26842	-81.99041
7.26829	-81.98946
7.26816	-81.9885
7.26803	-81.98755
7.2679	-81.98659
7.26776	-81.98564
7.26763	-81.98469
7.2675	-81.98373
7.26737	-81.98278
7.26724	-81.98182
7.2671	-81.98087
7.26697	-81.97991
7.26684	-81.97896
7.26671	-81.978
7.26658	-81.97705
7.26644	-81.9761
7.26631	-81.97514
7.26618	-81.97419
7.26605	-81.97323
7.26592	-81.97228
7.26578	-81.97132
7.26565	-81.97037
7.26552	-81.96942
7.26539	-81.96846
7.26526	-81.96751
7.26512	-81.96655
7.26499	-81.9656
7.26486	-81.96464
7.26473	-81.96369
7.26459	-81.96273
7.26446	-81.96178
7.26433	-81.96083
7.2642	-81.95987
7.26407	-81.95892
7.26393	-81.95796
7.2638	-81.95701
7.26367	-81.95605
7.26354	-81.9551
7.26341	-81.95415
7.26327	-81.95319
7.26314	-81.95224
7.26301	-81.95128
7.26288	-81.95033
7.26275	-81.94937
7.26261	-81.94842
7.26248	-81.94746
7.26235	-81.94651
7.26222	-81.94556
7.26208	-81.9446
7.26195	-81.94365
7.26182	-81.94269
7.26169	-81.94174
7.26156	-81.94078
7.26142	-81.93983
7.26129	-81.93888
7.26116	-81.93792
7.26103	-81.93697
7.2609	-81.93601
7.26076	-81.93506
7.26063	-81.9341
7.2605	-81.93315
7.26037	-81.9322
7.26023	-81.93124
7.2601	-81.93029
7.25997	-81.92933
7.25984	-81.92838
7.25971	-81.92742
7.25957	-81.92647
7.25944	-81.92551
7.25931	-81.92456
7.25918	-81.92361
7.25905	-81.92265
7.25891	-81.9217
7.25878	-81.92074
7.25865	-81.91979
7.25852	-81.91883
7.25838	-81.91788
7.25825	-81.91693
7.25812	-81.91597
7.25799	-81.91502
7.25786	-81.91406
7.25636	-81.91317
7.25486	-81.91229
7.25336	-81.9114
7.25187	-81.91051
7.25037	-81.90962
7.24887	-81.90873
7.24737	-81.90785
7.24588	-81.90696
7.24438	-81.90607
7.24288	-81.90518
7.24138	-81.90429
7.23989	-81.90341
7.23839	-81.90252
7.23689	-81.90163
7.2354	-81.90074
7.2339	-81.89985
7.2324	-81.89897
7.2309	-81.89808
7.22941	-81.89719
7.22791	-81.8963
7.22641	-81.89541
7.22491	-81.89453
7.22342	-81.89364
7.22192	-81.89275
7.22042	-81.89186
7.21892	-81.89097
7.21743	-81.89009
7.21593	-81.8892
7.21443	-81.88831
7.21294	-81.88742
7.21144	-81.88654
7.20994	-81.88565
7.20844	-81.88476
7.20695	-81.88387
7.20545	-81.88298
7.20395	-81.8821
7.20245	-81.88121
7.20096	-81.88032
7.19946	-81.87943
7.19796	-81.87854
7.19646	-81.87766
7.19497	-81.87677
7.19347	-81.87588
7.19197	-81.87499
7.19048	-81.87411
7.18898	-81.87322
7.18748	-81.87233
7.18598	-81.87144
7.18449	-81.87055
7.18299	-81.86967
7.18149	-81.86878
7.17999	-81.86789
7.1785	-81.867
7.177	-81.86612
7.1755	-81.86523
7.174	-81.86434
7.17251	-81.86345
7.17101	-81.86256
7.16951	-81.86168
7.16801	-81.86079
7.16652	-81.8599
7.16502	-81.85901
7.16352	-81.85813
7.16202	-81.85724
7.16053	-81.85635
7.15903	-81.85546
7.15753	-81.85457
7.15603	-81.85369
7.15454	-81.8528
7.15304	-81.85191
7.15154	-81.85102
7.15005	-81.85014
7.14855	-81.84925
7.14705	-81.84836
7.14555	-81.84747
7.14406	-81.84659
7.14256	-81.8457
7.14106	-81.84481
7.13956	-81.84392
7.13807	-81.84304
7.13657	-81.84215
7.13507	-81.84126
7.13357	-81.84037
7.13208	-81.83948
7.13058	-81.8386
7.12908	-81.83771
7.12758	-81.83682
7.12609	-81.83593
7.12459	-81.83505
7.12309	-81.83416
7.12159	-81.83327
7.1201	-81.83238
7.1186	-81.8315
7.1171	-81.83061
7.1156	-81.82972
7.11411	-81.82883
7.11261	-81.82795
7.11111	-81.82706
7.10961	-81.82617
7.10818	-81.82593
7.10675	-81.82568
7.10532	-81.82544
7.10389	-81.8252
7.10246	-81.82495
7.10102	-81.82471
7.09959	-81.82446
7.09816	-81.82422
7.09673	-81.82397
7.0953	-81.82373
7.09386	-81.82349
7.09243	-81.82324
7.091	-81.823
7.08957	-81.82275
7.08814	-81.82251
7.08671	-81.82226
7.08527	-81.82202
7.08384	-81.82178
7.08241	-81.82153
7.08098	-81.82129
7.07955	-81.82104
7.07812	-81.8208
7.07668	-81.82056
7.07525	-81.82031
7.07382	-81.82007
7.07239	-81.81982
7.07096	-81.81958
7.06952	-81.81933
7.06809	-81.81909
7.06666	-81.81885
7.06523	-81.8186
7.0638	-81.81836
7.06237	-81.81811
7.06093	-81.81787
7.0595	-81.81763
7.05807	-81.81738
7.05664	-81.81714
7.05521	-81.81689
7.05378	-81.81665
7.05234	-81.8164
7.05091	-81.81616
7.04948	-81.81592
7.04805	-81.81567
7.04662	-81.81543
7.04518	-81.81518
7.04375	-81.81494
7.04232	-81.8147
7.04089	-81.81445
7.03946	-81.81421
7.03803	-81.81396
7.03659	-81.81372
7.03516	-81.81347
7.03373	-81.81323
7.0323	-81.81299
7.03087	-81.81274
7.02943	-81.8125
7.028	-81.81225
7.02657	-81.81201
7.02514	-81.81177
7.02371	-81.81152
7.02228	-81.81128
7.02084	-81.81103
7.01941	-81.81079
7.01798	-81.81055
7.01655	-81.8103
7.01512	-81.81006
7.01369	-81.80981
7.01225	-81.80957
7.01082	-81.80932
7.00939	-81.80908
7.00796	-81.80884
7.00653	-81.80859
7.00509	-81.80835
7.00366	-81.8081
7.00223	-81.80786
7.0008	-81.80762
6.99937	-81.80737
6.99794	-81.80713
6.9965	-81.80688
6.99507	-81.80664
6.99364	-81.8064
6.99221	-81.80615
6.99078	-81.80591
6.98935	-81.80566
6.98791	-81.80542
6.98648	-81.80517
6.98505	-81.80493
6.98362	-81.80469
6.98219	-81.80444
6.98075	-81.8042
6.97932	-81.80395
6.97789	-81.80371
6.97646	-81.80347
6.97503	-81.80322
6.9736	-81.80298
6.97216	-81.80273
6.97073	-81.80249
6.9693	-81.80225
6.96787	-81.802
6.96692	-81.80111
6.96597	-81.80023
6.96503	-81.79934
6.96408	-81.79845
6.96313	-81.79756
6.96218	-81.79667
6.96124	-81.79579
6.96029	-81.7949
6.95934	-81.79401
6.95839	-81.79312
6.95745	-81.79223
6.9565	-81.79135
6.95555	-81.79046
6.95461	-81.78957
6.95366	-81.78868
6.95271	-81.7878
6.95176	-81.78691
6.95082	-81.78602
6.94987	-81.78513
6.94892	-81.78424
6.94797	-81.78336
6.94703	-81.78247
6.94608	-81.78158
6.94513	-81.78069
6.94418	-81.7798
6.94324	-81.77892
6.94229	-81.77803
6.94134	-81.77714
6.9404	-81.77625
6.93945	-81.77536
6.9385	-81.77448
6.93755	-81.77359
6.93661	-81.7727
6.93566	-81.77181
6.93471	-81.77093
6.93376	-81.77004
6.93282	-81.76915
6.93187	-81.76826
6.93092	-81.76737
6.92997	-81.76649
6.92903	-81.7656
6.92808	-81.76471
6.92713	-81.76382
6.92618	-81.76294
6.92524	-81.76205
6.92429	-81.76116
6.92334	-81.76027
6.92239	-81.75938
6.92145	-81.7585
6.9205	-81.75761
6.91955	-81.75672
6.9186	-81.75583
6.91766	-81.75495
6.91671	-81.75406
6.91576	-81.75317
6.91482	-81.75228
6.91387	-81.75139
6.91292	-81.75051
6.91197	-81.74962
6.91103	-81.74873
6.91008	-81.74784
6.90913	-81.74696
6.90818	-81.74607
6.90724	-81.74518
6.90629	-81.74429
6.90534	-81.7434
6.90439	-81.74252
6.90345	-81.74163
6.9025	-81.74074
6.90155	-81.73985
6.9006	-81.73897
6.89966	-81.73808
6.89871	-81.73719
6.89776	-81.7363
6.89681	-81.73541
6.89587	-81.73453
6.89492	-81.73364
6.89397	-81.73275
6.89302	-81.73186
6.89208	-81.73098
6.89113	-81.73009
6.89018	-81.7292
6.88923	-81.72831
6.88829	-81.72743
6.88734	-81.72654
6.88639	-81.72565
6.88544	-81.72476
6.8845	-81.72388
6.88355	-81.72299
6.8826	-81.7221
6.88165	-81.72121
6.88071	-81.72032
6.87976	-81.71944
6.87881	-81.71855
6.87786	-81.71766
6.87692	-81.71677
6.87597	-81.71589
6.87502	-81.715
6.87407	-81.71411
6.8739	-81.71285
6.87372	-81.71158
6.87355	-81.71032
6.87337	-81.70905
6.87319	-81.70779
6.87302	-81.70652
6.87284	-81.70526
6.87267	-81.70399
6.87249	-81.70273
6.87231	-81.70146
6.87214	-81.70019
6.87196	-81.69893
6.87178	-81.69766
6.87161	-81.6964
6.87143	-81.69513
6.87126	-81.69387
6.87108	-81.6926
6.8709	-81.69134
6.87073	-81.69007
6.87055	-81.68881
6.87038	-81.68754
6.8702	-81.68628
6.87002	-81.68501
6.86985	-81.68375
6.86967	-81.68248
6.86949	-81.68122
6.86932	-81.67995
6.86914	-81.67869
6.86897	-81.67742
6.86879	-81.67616
6.86861	-81.67489
6.86844	-81.67363
6.86826	-81.67236
6.86808	-81.6711
6.86791	-81.66983
6.86773	-81.66857
6.86756	-81.6673
6.86738	-81.66604
6.8672	-81.66477
6.86703	-81.66351
6.86685	-81.66224
6.86667	-81.66098
6.8665	-81.65971
6.86632	-81.65845
6.86615	-81.65718
6.86597	-81.65592
6.86579	-81.65465
6.86562	-81.65339
6.86544	-81.65212
6.86526	-81.65086
6.86509	-81.64959
6.86491	-81.64833
6.86474	-81.64706
6.86456	-81.6458
6.86438	-81.64453
6.86421	-81.64327
6.86403	-81.642
6.86385	-81.64073
6.86368	-81.63947
6.8635	-81.6382
6.86332	-81.63694
6.86315	-81.63567
6.86297	-81.63441
6.8628	-81.63314
6.86262	-81.63188
6.86244	-81.63061
6.86227	-81.62935
6.86209	-81.62808
6.86191	-81.62682
6.86174	-81.62555
6.86156	-81.62429
6.86139	-81.62302
6.86121	-81.62176
6.86103	-81.62049
6.86086	-81.61923
6.86068	-81.61796
6.8605	-81.6167
6.86033	-81.61543
6.86015	-81.61417
6.85997	-81.6129
6.8598	-81.61164
6.85962	-81.61037
6.85945	-81.60911
6.85927	-81.60784
6.85909	-81.60658
6.85892	-81.60531
6.85874	-81.60405
6.85856	-81.60278
6.85839	-81.60152
6.85821	-81.60025
6.85803	-81.59899
6.85786	-81.59772
6.85768	-81.59646
6.8575	-81.59519
6.85733	-81.59393
6.85715	-81.59266
6.85698	-81.5914
6.8568	-81.59013
6.85662	-81.58887
6.85651	-81.58694
6.8564	-81.58501
6.85629	-81.58307
6.85618	-81.58114
6.85607	-81.57921
6.85596	-81.57728
6.85585	-81.57535
6.85574	-81.57342
6.85563	-81.57149
6.85552	-81.56956
6.85541	-81.56763
6.8553	-81.5657
6.85519	-81.56376
6.85508	-81.56183
6.85497	-81.5599
6.85486	-81.55797
6.85475	-81.55604
6.85464	-81.55411
6.85453	-81.55218
6.85442	-81.55025
6.85431	-81.54832
6.8542	-81.54639
6.85409	-81.54446
6.85398	-81.54252
6.85387	-81.54059
6.85376	-81.53866
6.85365	-81.53673
6.85354	-81.5348
6.85343	-81.53287
6.85332	-81.53094
6.85321	-81.52901
6.8531	-81.52708
6.85299	-81.52515
6.85288	-81.52321
6.85277	-81.52128
6.85266	-81.51935
6.85255	-81.51742
6.85244	-81.51549
6.85233	-81.51356
6.85222	-81.51163
6.85211	-81.5097
6.852	-81.50777
6.85189	-81.50584
6.85178	-81.50391
6.85167	-81.50197
6.85156	-81.50004
6.85145	-81.49811
6.85134	-81.49618
6.85123	-81.49425
6.85112	-81.49232
6.85101	-81.49039
6.8509	-81.48846
6.85079	-81.48653
6.85068	-81.4846
6.85057	-81.48266
6.85046	-81.48073
6.85035	-81.4788
6.85024	-81.47687
6.85013	-81.47494
6.85002	-81.47301
6.84991	-81.47108
6.8498	-81.46915
6.84969	-81.46722
6.84958	-81.46529
6.84947	-81.46336
6.84936	-81.46142
6.84925	-81.45949
6.84914	-81.45756
6.84903	-81.45563
6.84892	-81.4537
6.84881	-81.45177
6.8487	-81.44984
6.84859	-81.44791
6.84848	-81.44598
6.84837	-81.44405
6.84826	-81.44212
6.84814	-81.44018
6.84803	-81.43825
6.84792	-81.43632
6.84781	-81.43439
6.8477	-81.43246
6.84759	-81.43053
6.84748	-81.4286
6.84737	-81.42667
6.84726	-81.42474
6.84715	-81.42281
6.84704	-81.42088
6.84693	-81.41894
6.84682	-81.41701
6.84671	-81.41508
6.8466	-81.41315
6.84649	-81.41122
6.84638	-81.40929
6.84627	-81.40736
6.84616	-81.40543
6.84605	-81.4035
6.84594	-81.40157
6.84583	-81.39964
6.84571	-81.39771
6.84616	-81.39593
6.8466	-81.39415
6.84704	-81.39238
6.84748	-81.3906
6.84792	-81.38883
6.84836	-81.38705
6.8488	-81.38528
6.84924	-81.3835
6.84968	-81.38173
6.85012	-81.37995
6.85057	-81.37818
6.85101	-81.3764
6.85145	-81.37462
6.85189	-81.37285
6.85233	-81.37107
6.85277	-81.3693
6.85321	-81.36752
6.85365	-81.36575
6.85409	-81.36397
6.85453	-81.3622
6.85497	-81.36042
6.85542	-81.35865
6.85586	-81.35687
6.8563	-81.35509
6.85674	-81.35332
6.85718	-81.35154
6.85762	-81.34977
6.85806	-81.34799
6.8585	-81.34622
6.85894	-81.34444
6.85938	-81.34267
6.85982	-81.34089
6.86026	-81.33911
6.86071	-81.33734
6.86115	-81.33556
6.86159	-81.33379
6.86203	-81.33201
6.86247	-81.33024
6.86291	-81.32846
6.86335	-81.32669
6.86379	-81.32491
6.86423	-81.32314
6.86467	-81.32136
6.86511	-81.31958
6.86555	-81.31781
6.86599	-81.31603
6.86644	-81.31426
6.86688	-81.31248
6.86732	-81.31071
6.86776	-81.30893
6.8682	-81.30716
6.86864	-81.30538
6.86908	-81.3036
6.86952	-81.30183
6.86996	-81.30005
6.8704	-81.29828
6.87084	-81.2965
6.87128	-81.29473
6.87172	-81.29295
6.87216	-81.29117
6.87261	-81.2894
6.87305	-81.28762
6.87349	-81.28585
6.87393	-81.28407
6.87437	-81.2823
6.87481	-81.28052
6.87525	-81.27875
6.87569	-81.27697
6.87613	-81.27519
6.87657	-81.27342
6.87701	-81.27164
6.87745	-81.26987
6.87789	-81.26809
6.87833	-81.26632
6.87877	-81.26454
6.87921	-81.26276
6.87965	-81.26099
6.88009	-81.25921
6.88054	-81.25744
6.88098	-81.25566
6.88142	-81.25389
6.88186	-81.25211
6.8823	-81.25034
6.88274	-81.24856
6.88318	-81.24678
6.88362	-81.24501
6.88406	-81.24323
6.8845	-81.24146
6.88494	-81.23968
6.88538	-81.23791
6.88582	-81.23613
6.88626	-81.23435
6.8867	-81.23258
6.88714	-81.2308
6.88758	-81.22903
6.88802	-81.22725
6.88846	-81.22548
6.8889	-81.2237
6.88934	-81.22192
6.89027	-81.22046
6.8912	-81.21899
6.89212	-81.21753
6.89305	-81.21607
6.89397	-81.2146
6.8949	-81.21314
6.89582	-81.21167
6.89675	-81.21021
6.89767	-81.20874
6.8986	-81.20728
6.89953	-81.20581
6.90045	-81.20435
6.90138	-81.20288
6.9023	-81.20142
6.90323	-81.19995
6.90415	-81.19849
6.90508	-81.19703
6.906	-81.19556
6.90693	-81.1941
6.90786	-81.19263
6.90878	-81.19117
6.90971	-81.1897
6.91063	-81.18824
6.91156	-81.18677
6.91248	-81.18531
6.91341	-81.18384
6.91433	-81.18238
6.91526	-81.18091
6.91618	-81.17945
6.91711	-81.17798
6.91804	-81.17652
6.91896	-81.17505
6.91989	-81.17359
6.92081	-81.17213
6.92174	-81.17066
6.92266	-81.1692
6.92359	-81.16773
6.92451	-81.16627
6.92544	-81.1648
6.92636	-81.16334
6.92729	-81.16187
6.92821	-81.16041
6.92914	-81.15894
6.93007	-81.15748
6.93099	-81.15601
6.93192	-81.15455
6.93284	-81.15308
6.93377	-81.15162
6.93469	-81.15015
6.93562	-81.14869
6.93654	-81.14722
6.93747	-81.14576
6.93839	-81.14429
6.93932	-81.14283
6.94024	-81.14136
6.94117	-81.1399
6.94209	-81.13843
6.94302	-81.13697
6.94395	-81.1355
6.94487	-81.13404
6.9458	-81.13258
6.94672	-81.13111
6.94765	-81.12965
6.94857	-81.12818
6.9495	-81.12672
6.95042	-81.12525
6.95135	-81.12379
6.95227	-81.12232
6.9532	-81.12086
6.95412	-81.11939
6.95505	-81.11793
6.95597	-81.11646
6.9569	-81.115
6.95782	-81.11353
6.95875	-81.11207
6.95968	-81.1106
6.9606	-81.10914
6.96153	-81.10767
6.96245	-81.10621
6.96338	-81.10474
6.9643	-81.10328
6.96523	-81.10181
6.96615	-81.10035
6.96708	-81.09888
6.968	-81.09742
6.96893	-81.09595
6.96985	-81.09449
6.97078	-81.09302
6.9717	-81.09156
6.97263	-81.09009
6.97355	-81.08863
6.97448	-81.08716
6.9754	-81.08569
6.97633	-81.08423
6.97725	-81.08276
6.97818	-81.0813
6.9791	-81.07983
6.98003	-81.07837
6.98095	-81.0769
6.98113	-81.07613
6.98131	-81.07535
6.98148	-81.07457
6.98166	-81.0738
6.98184	-81.07302
6.98201	-81.07224
6.98219	-81.07147
6.98236	-81.07069
6.98254	-81.06991
6.98272	-81.06914
6.98289	-81.06836
6.98307	-81.06758
6.98325	-81.06681
6.98342	-81.06603
6.9836	-81.06525
6.98378	-81.06448
6.98395	-81.0637
6.98413	-81.06292
6.9843	-81.06215
6.98448	-81.06137
6.98466	-81.06059
6.98483	-81.05981
6.98501	-81.05904
6.98519	-81.05826
6.98536	-81.05748
6.98554	-81.05671
6.98571	-81.05593
6.98589	-81.05515
6.98607	-81.05438
6.98624	-81.0536
6.98642	-81.05282
6.9866	-81.05205
6.98677	-81.05127
6.98695	-81.05049
6.98712	-81.04972
6.9873	-81.04894
6.98748	-81.04816
6.98765	-81.04739
6.98783	-81.04661
6.98801	-81.04583
6.98818	-81.04506
6.98836	-81.04428
6.98853	-81.0435
6.98871	-81.04273
6.98889	-81.04195
6.98906	-81.04117
6.98924	-81.04039
6.98942	-81.03962
6.98959	-81.03884
6.98977	-81.03806
6.98994	-81.03729
6.99012	-81.03651
6.9903	-81.03573
6.99047	-81.03496
6.99065	-81.03418
6.99083	-81.0334
6.991	-81.03263
6.99118	-81.03185
6.99135	-81.03107
6.99153	-81.0303
6.99171	-81.02952
6.99188	-81.02874
6.99206	-81.02797
6.99224	-81.02719
6.99241	-81.02641
6.99259	-81.02564
6.99276	-81.02486
6.99294	-81.02408
6.99312	-81.0233
6.99329	-81.02253
6.99347	-81.02175
6.99364	-81.02097
6.99382	-81.0202
6.994	-81.01942
6.99417	-81.01864
6.99435	-81.01787
6.99453	-81.01709
6.9947	-81.01631
6.99488	-81.01554
6.99505	-81.01476
6.99523	-81.01398
6.99541	-81.01321
6.99558	-81.01243
6.99576	-81.01165
6.99594	-81.01088
6.99611	-81.0101
6.99629	-81.00932
6.99646	-81.00855
6.99664	-81.00777
6.99682	-81.00699
6.99699	-81.00621
6.99717	-81.00544
6.99734	-81.00466
6.99752	-81.00388
6.9977	-81.00311
6.99787	-81.00233
6.99805	-81.00155
6.99823	-81.00078
6.9984	-81
6.99871	-80.99825
6.99902	-80.99649
6.99933	-80.99474
6.99964	-80.99299
6.99995	-80.99123
7.00025	-80.98948
7.00056	-80.98773
7.00087	-80.98597
7.00118	-80.98422
7.00149	-80.98247
7.0018	-80.98071
7.00211	-80.97896
7.00241	-80.97721
7.00272	-80.97545
7.00303	-80.9737
7.00334	-80.97195
7.00365	-80.97019
7.00396	-80.96844
7.00427	-80.96669
7.00458	-80.96493
7.00488	-80.96318
7.00519	-80.96143
7.0055	-80.95967
7.00581	-80.95792
7.00612	-80.95617
7.00643	-80.95441
7.00674	-80.95266
7.00704	-80.95091
7.00735	-80.94915
7.00766	-80.9474
7.00797	-80.94565
7.00828	-80.94389
7.00859	-80.94214
7.00889	-80.94039
7.0092	-80.93863
7.00951	-80.93688
7.00982	-80.93513
7.01013	-80.93337
7.01044	-80.93162
7.01075	-80.92987
7.01105	-80.92811
7.01136	-80.92636
7.01167	-80.92461
7.01198	-80.92285
7.01229	-80.9211
7.0126	-80.91935
7.0129	-80.91759
7.01321	-80.91584
7.01352	-80.91409
7.01383	-80.91233
7.01414	-80.91058
7.01445	-80.90883
7.01476	-80.90707
7.01506	-80.90532
7.01537	-80.90357
7.01568	-80.90181
7.01599	-80.90006
7.0163	-80.89831
7.01661	-80.89655
7.01691	-80.8948
7.01722	-80.89305
7.01753	-80.89129
7.01784	-80.88954
7.01815	-80.88779
7.01846	-80.88603
7.01876	-80.88428
7.01907	-80.88253
7.01938	-80.88077
7.01969	-80.87902
7.02	-80.87727
7.0203	-80.87551
7.02061	-80.87376
7.02092	-80.87201
7.02123	-80.87025
7.02154	-80.8685
7.02185	-80.86675
7.02215	-80.86499
7.02246	-80.86324
7.02277	-80.86149
7.02308	-80.85973
7.02339	-80.85798
7.0237	-80.85622
7.024	-80.85447
7.02431	-80.85272
7.02462	-80.85096
7.02493	-80.84921
7.02524	-80.84746
7.02554	-80.8457
7.02585	-80.84395
7.02616	-80.8422
7.02647	-80.84044
7.02678	-80.83869
7.02708	-80.83694
7.02739	-80.83518
7.0277	-80.83343
7.02801	-80.83168
7.02832	-80.82992
7.02863	-80.82817
7.02893	-80.82642
7.02911	-80.82533
7.02929	-80.82424
7.02946	-80.82315
7.02964	-80.82207
7.02982	-80.82098
7.02999	-80.81989
7.03017	-80.8188
7.03034	-80.81772
7.03052	-80.81663
7.0307	-80.81554
7.03087	-80.81445
7.03105	-80.81337
7.03123	-80.81228
7.0314	-80.81119
7.03158	-80.8101
7.03175	-80.80902
7.03193	-80.80793
7.03211	-80.80684
7.03228	-80.80575
7.03246	-80.80467
7.03264	-80.80358
7.03281	-80.80249
7.03299	-80.8014
7.03316	-80.80032
7.03334	-80.79923
7.03352	-80.79814
7.03369	-80.79705
7.03387	-80.79597
7.03405	-80.79488
7.03422	-80.79379
7.0344	-80.7927
7.03458	-80.79162
7.03475	-80.79053
7.03493	-80.78944
7.0351	-80.78835
7.03528	-80.78727
7.03546	-80.78618
7.03563	-80.78509
7.03581	-80.784
7.03599	-80.78292
7.03616	-80.78183
7.03634	-80.78074
7.03651	-80.77965
7.03669	-80.77857
7.03687	-80.77748
7.03704	-80.77639
7.03722	-80.7753
7.0374	-80.77422
7.03757	-80.77313
7.03775	-80.77204
7.03792	-80.77095
7.0381	-80.76987
7.03828	-80.76878
7.03845	-80.76769
7.03863	-80.7666
7.0388	-80.76552
7.03898	-80.76443
7.03916	-80.76334
7.03933	-80.76225
7.03951	-80.76116
7.03969	-80.76008
7.03986	-80.75899
7.04004	-80.7579
7.04021	-80.75681
7.04039	-80.75573
7.04057	-80.75464
7.04074	-80.75355
7.04092	-80.75246
7.0411	-80.75138
7.04127	-80.75029
7.04145	-80.7492
7.04162	-80.74811
7.0418	-80.74703
7.04198	-80.74594
7.04215	-80.74485
7.04233	-80.74376
7.0425	-80.74268
7.04268	-80.74159
7.04286	-80.7405
7.04303	-80.73941
7.04321	-80.73833
7.04339	-80.73724
7.04356	-80.73615
7.04374	-80.73506
7.04391	-80.73398
7.04409	-80.73289
7.04427	-80.7318
7.04444	-80.73071
7.04462	-80.72963
7.04479	-80.72854
7.04497	-80.72745
7.04515	-80.72636
7.04532	-80.72528
7.0455	-80.72419
7.04567	-80.7231
7.04585	-80.72201
7.04603	-80.72093
7.0462	-80.71984
7.04638	-80.71875
7.04612	-80.71711
7.04585	-80.71547
7.04559	-80.71382
7.04532	-80.71218
7.04506	-80.71054
7.04479	-80.7089
7.04453	-80.70725
7.04427	-80.70561
7.044	-80.70397
7.04374	-80.70233
7.04347	-80.70068
7.04321	-80.69904
7.04295	-80.6974
7.04268	-80.69576
7.04242	-80.69411
7.04215	-80.69247
7.04189	-80.69083
7.04163	-80.68919
7.04136	-80.68754
7.0411	-80.6859
7.04083	-80.68426
7.04057	-80.68262
7.0403	-80.68097
7.04004	-80.67933
7.03978	-80.67769
7.03951	-80.67605
7.03925	-80.6744
7.03898	-80.67276
7.03872	-80.67112
7.03846	-80.66948
7.03819	-80.66783
7.03793	-80.66619
7.03766	-80.66455
7.0374	-80.66291
7.03713	-80.66126
7.03687	-80.65962
7.03661	-80.65798
7.03634	-80.65634
7.03608	-80.65469
7.03581	-80.65305
7.03555	-80.65141
7.03528	-80.64977
7.03502	-80.64812
7.03476	-80.64648
7.03449	-80.64484
7.03423	-80.6432
7.03396	-80.64155
7.0337	-80.63991
7.03343	-80.63827
7.03317	-80.63663
7.03291	-80.63499
7.03264	-80.63334
7.03238	-80.6317
7.03211	-80.63006
7.03185	-80.62842
7.03158	-80.62677
7.03132	-80.62513
7.03105	-80.62349
7.03079	-80.62185
7.03053	-80.6202
7.03026	-80.61856
7.03	-80.61692
7.02973	-80.61528
7.02947	-80.61363
7.0292	-80.61199
7.02894	-80.61035
7.02868	-80.60871
7.02841	-80.60706
7.02815	-80.60542
7.02788	-80.60378
7.02762	-80.60214
7.02735	-80.6005
7.02709	-80.59885
7.02682	-80.59721
7.02656	-80.59557
7.02629	-80.59393
7.02603	-80.59228
7.02577	-80.59064
7.0255	-80.589
7.02524	-80.58736
7.02497	-80.58571
7.02471	-80.58407
7.02444	-80.58243
7.02418	-80.58079
7.02391	-80.57914
7.02365	-80.5775
7.02339	-80.57586
7.02312	-80.57422
7.02286	-80.57258
7.02259	-80.57093
7.02233	-80.56929
7.02206	-80.56765
7.0218	-80.56601
7.02153	-80.56436
7.02127	-80.56272
7.021	-80.56108
7.02074	-80.55944
7.02047	-80.55779
7.02021	-80.55615
7.02065	-80.55435
7.02109	-80.55256
7.02153	-80.55076
7.02197	-80.54896
7.02241	-80.54716
7.02286	-80.54537
7.0233	-80.54357
7.02374	-80.54177
7.02418	-80.53997
7.02462	-80.53818
7.02506	-80.53638
7.0255	-80.53458
7.02594	-80.53278
7.02638	-80.53099
7.02682	-80.52919
7.02726	-80.52739
7.0277	-80.52559
7.02815	-80.5238
7.02859	-80.522
7.02903	-80.5202
7.02947	-80.5184
7.02991	-80.5166
7.03035	-80.51481
7.03079	-80.51301
7.03123	-80.51121
7.03167	-80.50941
7.03211	-80.50762
7.03255	-80.50582
7.03299	-80.50402
7.03343	-80.50222
7.03387	-80.50043
7.03432	-80.49863
7.03476	-80.49683
7.0352	-80.49503
7.03564	-80.49323
7.03608	-80.49144
7.03652	-80.48964
7.03696	-80.48784
7.0374	-80.48604
7.03784	-80.48425
7.03828	-80.48245
7.03872	-80.48065
7.03916	-80.47885
7.0396	-80.47705
7.04004	-80.47526
7.04048	-80.47346
7.04092	-80.47166
7.04136	-80.46986
7.04181	-80.46807
7.04225	-80.46627
7.04269	-80.46447
7.04313	-80.46267
7.04357	-80.46088
7.04401	-80.45908
7.04445	-80.45728
7.04489	-80.45548
7.04533	-80.45368
7.04577	-80.45189
7.04621	-80.45009
7.04665	-80.44829
7.04709	-80.44649
7.04753	-80.44469
7.04797	-80.4429
7.04841	-80.4411
7.04885	-80.4393
7.04929	-80.4375
7.04973	-80.43571
7.05017	-80.43391
7.05061	-80.43211
7.05106	-80.43031
7.0515	-80.42851
7.05194	-80.42672
7.05238	-80.42492
7.05282	-80.42312
7.05326	-80.42132
7.0537	-80.41953
7.05414	-80.41773
7.05458	-80.41593
7.05502	-80.41413
7.05546	-80.41233
7.0559	-80.41054
7.05634	-80.40874
7.05678	-80.40694
7.05722	-80.40514
7.05766	-80.40334
7.0581	-80.40155
7.05854	-80.39975
7.05898	-80.39795
7.05942	-80.39615
7.05986	-80.39436
7.0603	-80.39256
7.06074	-80.39076
7.06118	-80.38896
7.06162	-80.38716
7.06206	-80.38537
7.0625	-80.38357
7.06294	-80.38177
7.06338	-80.37997
7.06382	-80.37817
7.06402	-80.37598
7.06421	-80.37378
7.0644	-80.37158
7.06459	-80.36939
7.06478	-80.36719
7.06498	-80.36499
7.06517	-80.36279
7.06536	-80.3606
7.06555	-80.3584
7.06574	-80.3562
7.06593	-80.354
7.06613	-80.35181
7.06632	-80.34961
7.06651	-80.34741
7.0667	-80.34522
7.06689	-80.34302
7.06708	-80.34082
7.06728	-80.33862
7.06747	-80.33643
7.06766	-80.33423
7.06785	-80.33203
7.06804	-80.32984
7.06823	-80.32764
7.06843	-80.32544
7.06862	-80.32324
7.06881	-80.32105
7.069	-80.31885
7.06919	-80.31665
7.06938	-80.31446
7.06958	-80.31226
7.06977	-80.31006
7.06996	-80.30786
7.07015	-80.30567
7.07034	-80.30347
7.07053	-80.30127
7.07072	-80.29907
7.07092	-80.29688
7.07111	-80.29468
7.0713	-80.29248
7.07149	-80.29029
7.07168	-80.28809
7.07187	-80.28589
7.07206	-80.28369
7.07226	-80.2815
7.07245	-80.2793
7.07264	-80.2771
7.07283	-80.27491
7.07302	-80.27271
7.07321	-80.27051
7.0734	-80.26831
7.0736	-80.26612
7.07379	-80.26392
7.07398	-80.26172
7.07417	-80.25952
7.07436	-80.25733
7.07455	-80.25513
7.07474	-80.25293
7.07493	-80.25074
7.07513	-80.24854
7.07532	-80.24634
7.07551	-80.24414
7.0757	-80.24195
7.07589	-80.23975
7.07608	-80.23755
7.07627	-80.23535
7.07646	-80.23316
7.07666	-80.23096
7.07685	-80.22876
7.07704	-80.22657
7.07723	-80.22437
7.07742	-80.22217
7.07761	-80.21997
7.0778	-80.21778
7.07799	-80.21558
7.07818	-80.21338
7.07838	-80.21118
7.07857	-80.20899
7.07876	-80.20679
7.07895	-80.20459
7.07914	-80.2024
7.07933	-80.2002
7.07952	-80.198
7.07971	-80.1958
7.0799	-80.19361
7.0801	-80.19141
7.08029	-80.18921
7.08048	-80.18701
7.08067	-80.18482
7.08086	-80.18262
7.08105	-80.18042
7.08124	-80.17822
7.08143	-80.17603
7.08162	-80.17383
7.08181	-80.17163
7.082	-80.16944
7.0822	-80.16724
7.08239	-80.16504
7.08258	-80.16284
7.08277	-80.16065
7.08296	-80.15845
7.08315	-80.15625
7.08334	-80.15405
7.08353	-80.15186
7.08372	-80.14966
7.08391	-80.14746
7.0841	-80.14526
7.08429	-80.14307
7.08449	-80.14087
7.08468	-80.13867
7.08487	-80.13648
7.08506	-80.13428
7.08525	-80.13208
7.08544	-80.12988
7.08563	-80.12769
7.08622	-80.1256
7.08682	-80.12351
7.08741	-80.12143
7.08801	-80.11934
7.0886	-80.11726
7.0892	-80.11517
7.0898	-80.11308
7.09039	-80.111
7.09099	-80.10891
7.09158	-80.10683
7.09218	-80.10474
7.09277	-80.10265
7.09337	-80.10057
7.09396	-80.09848
7.09455	-80.09639
7.09515	-80.09431
7.09574	-80.09222
7.09634	-80.09014
7.09693	-80.08805
7.09753	-80.08596
7.09812	-80.08388
7.09872	-80.08179
7.09931	-80.07971
7.09991	-80.07762
7.1005	-80.07553
7.1011	-80.07345
7.10169	-80.07136
7.10229	-80.06927
7.10288	-80.06719
7.10348	-80.0651
7.10407	-80.06302
7.10467	-80.06093
7.10526	-80.05884
7.10586	-80.05676
7.10645	-80.05467
7.10705	-80.05259
7.10764	-80.0505
7.10824	-80.04841
7.10883	-80.04633
7.10943	-80.04424
7.11002	-80.04215
7.11062	-80.04007
7.11121	-80.03798
7.1118	-80.0359
7.1124	-80.03381
7.11299	-80.03172
7.11359	-80.02964
7.11418	-80.02755
7.11478	-80.02546
7.11537	-80.02338
7.11597	-80.02129
7.11656	-80.0192
7.11716	-80.01712
7.11775	-80.01503
7.11835	-80.01295
7.11894	-80.01086
7.11954	-80.00877
7.12013	-80.00669
7.12072	-80.0046
7.12132	-80.00251
7.12191	-80.00043
7.12251	-79.99834
7.1231	-79.99626
7.1237	-79.99417
7.12429	-79.99208
7.12489	-79.99
7.12548	-79.98791
7.12607	-79.98582
7.12667	-79.98374
7.12726	-79.98165
7.12786	-79.97956
7.12845	-79.97748
7.12905	-79.97539
7.12964	-79.9733
7.13024	-79.97122
7.13083	-79.96913
7.13142	-79.96705
7.13202	-79.96496
7.13261	-79.96287
7.13321	-79.96079
7.1338	-79.9587
7.1344	-79.95661
7.13499	-79.95453
7.13559	-79.95244
7.13618	-79.95035
7.13677	-79.94827
7.13737	-79.94618
7.13796	-79.94409
7.13856	-79.94201
7.13915	-79.93992
7.13975	-79.93783
7.14034	-79.93575
7.14093	-79.93366
7.14153	-79.93158
7.14212	-79.92949
7.14272	-79.9274
7.14331	-79.92532
7.1439	-79.92323
7.1445	-79.92114
7.14496	-79.92017
7.14542	-79.91919
7.14589	-79.91821
7.14635	-79.91724
7.14681	-79.91626
7.14727	-79.91528
7.14774	-79.91431
7.1482	-79.91333
7.14866	-79.91235
7.14912	-79.91138
7.14959	-79.9104
7.15005	-79.90942
7.15051	-79.90845
7.15097	-79.90747
7.15144	-79.9065
7.1519	-79.90552
7.15236	-79.90454
7.15282	-79.90357
7.15329	-79.90259
7.15375	-79.90161
7.15421	-79.90064
7.15467	-79.89966
7.15514	-79.89868
7.1556	-79.89771
7.15606	-79.89673
7.15652	-79.89575
7.15699	-79.89478
7.15745	-79.8938
7.15791	-79.89282
7.15837	-79.89185
7.15884	-79.89087
7.1593	-79.88989
7.15976	-79.88892
7.16022	-79.88794
7.16069	-79.88697
7.16115	-79.88599
7.16161	-79.88501
7.16207	-79.88404
7.16254	-79.88306
7.163	-79.88208
7.16346	-79.88111
7.16392	-79.88013
7.16439	-79.87915
7.16485	-79.87818
7.16531	-79.8772
7.16577	-79.87622
7.16624	-79.87525
7.1667	-79.87427
7.16716	-79.87329
7.16762	-79.87232
7.16809	-79.87134
7.16855	-79.87036
7.16901	-79.86939
7.16947	-79.86841
7.16994	-79.86743
7.1704	-79.86646
7.17086	-79.86548
7.17132	-79.8645
7.17179	-79.86353
7.17225	-79.86255
7.17271	-79.86157
7.17317	-79.8606
7.17364	-79.85962
7.1741	-79.85864
7.17456	-79.85767
7.17502	-79.85669
7.17548	-79.85572
7.17595	-79.85474
7.17641	-79.85376
7.17687	-79.85279
7.17733	-79.85181
7.1778	-79.85083
7.17826	-79.84986
7.17872	-79.84888
7.17918	-79.8479
7.17965	-79.84693
7.18011	-79.84595
7.18057	-79.84497
7.18103	-79.844
7.1815	-79.84302
7.18196	-79.84204
7.18242	-79.84107
7.18288	-79.84009
7.18335	-79.83911
7.18381	-79.83814
7.18427	-79.83716
7.18473	-79.83618
7.18519	-79.83521
7.18566	-79.83423
7.18612	-79.83325
7.18658	-79.83228
7.18704	-79.8313
7.18751	-79.83032
7.18797	-79.82935
7.18843	-79.82837
7.18889	-79.82739
7.18936	-79.82642
7.18982	-79.82544
7.19028	-79.82446