7.9374	-83.0391
7.9367	-83.0387
7.9359	-83.0384
7.9352	-83.0381
7.9345	-83.0377
7.9338	-83.0374
7.933	-83.0371
7.9323	-83.0367
7.9316	-83.0364
7.9309	-83.0361
7.9301	-83.0357
7.9294	-83.0354
7.9287	-83.0351
7.9279	-83.0347
7.9272	-83.0344
7.9265	-83.0341
7.9258	-83.0337
7.925	-83.0334
7.9243	-83.0331
7.9236	-83.0327
7.9229	-83.0324
7.9221	-83.0321
7.9214	-83.0317
7.9207	-83.0314
7.92	-83.0311
7.9192	-83.0307
7.9185	-83.0304
7.9178	-83.0301
7.9171	-83.0297
7.9163	-83.0294
7.9156	-83.0291
7.9149	-83.0287
7.9142	-83.0284
7.9134	-83.0281
7.9127	-83.0277
7.912	-83.0274
7.9113	-83.0271
7.9105	-83.0267
7.9098	-83.0264
7.9091	-83.0261
7.9084	-83.0257
7.9076	-83.0254
7.9069	-83.0251
7.9062	-83.0247
7.9055	-83.0244
7.9047	-83.0241
7.904	-83.0237
7.9033	-83.0234
7.9026	-83.0231
7.9018	-83.0227
7.9011	-83.0224
7.9004	-83.0221
7.8997	-83.0217
7.8989	-83.0214
7.8982	-83.0211
7.8975	-83.0208
7.8968	-83.0204
7.896	-83.0201
7.8953	-83.0198
7.8946	-83.0194
7.8939	-83.0191
7.8931	-83.0188
7.8924	-83.0184
7.8917	-83.0181
7.891	-83.0178
7.8902	-83.0174
7.8895	-83.0171
7.8888	-83.0168
7.888	-83.0164
7.8873	-83.0161
7.8866	-83.0158
7.8859	-83.0154
7.8851	-83.0151
7.8844	-83.0148
7.8837	-83.0144
7.883	-83.0141
7.8822	-83.0138
7.8815	-83.0134
7.8808	-83.0131
7.8801	-83.0128
7.8793	-83.0124
7.8786	-83.0121
7.8779	-83.0118
7.8772	-83.0114
7.8764	-83.0111
7.8757	-83.0108
7.875	-83.0104
7.8743	-83.0101
7.8735	-83.0098
7.8728	-83.0094
7.8721	-83.0091
7.8714	-83.0088
7.8706	-83.0084
7.8699	-83.0081
7.8692	-83.0078
7.8685	-83.0074
7.8677	-83.0071
7.867	-83.0068
7.8663	-83.0064
7.8656	-83.0061
7.8649	-83.0057
7.8642	-83.0053
7.8634	-83.0049
7.8627	-83.0045
7.862	-83.0041
7.8613	-83.0037
7.8606	-83.0033
7.8599	-83.0029
7.8592	-83.0025
7.8585	-83.0021
7.8578	-83.0017
7.8571	-83.0013
7.8564	-83.0009
7.8557	-83.0005
7.855	-83.0001
7.8543	-82.9997
7.8536	-82.9993
7.8529	-82.9989
7.8522	-82.9985
7.8515	-82.9981
7.8508	-82.9977
7.8501	-82.9973
7.8494	-82.9969
7.8487	-82.9965
7.848	-82.9961
7.8473	-82.9957
7.8466	-82.9953
7.8459	-82.9949
7.8452	-82.9945
7.8445	-82.9941
7.8437	-82.9937
7.843	-82.9933
7.8423	-82.9929
7.8416	-82.9925
7.8409	-82.9921
7.8402	-82.9917
7.8395	-82.9913
7.8388	-82.9909
7.8381	-82.9905
7.8374	-82.9901
7.8367	-82.9897
7.836	-82.9893
7.8353	-82.9889
7.8346	-82.9885
7.8339	-82.9881
7.8332	-82.9877
7.8325	-82.9873
7.8318	-82.9869
7.8311	-82.9865
7.8304	-82.9861
7.8297	-82.9857
7.829	-82.9853
7.8283	-82.9849
7.8276	-82.9845
7.8269	-82.9841
7.8262	-82.9837
7.8255	-82.9833
7.8247	-82.9829
7.824	-82.9825
7.8233	-82.9821
7.8226	-82.9817
7.8219	-82.9813
7.8212	-82.9809
7.8205	-82.9805
7.8198	-82.9801
7.8191	-82.9797
7.8184	-82.9793
7.8177	-82.9789
7.817	-82.9785
7.8163	-82.9781
7.8156	-82.9777
7.8149	-82.9773
7.8142	-82.9769
7.8135	-82.9765
7.8128	-82.9761
7.8121	-82.9757
7.8114	-82.9753
7.8107	-82.9749
7.81	-82.9745
7.8093	-82.9741
7.8086	-82.9737
7.8079	-82.9733
7.8072	-82.9729
7.8065	-82.9725
7.8058	-82.9721
7.805	-82.9717
7.8043	-82.9713
7.8036	-82.9709
7.8029	-82.9705
7.8022	-82.9701
7.8015	-82.9697
7.8008	-82.9693
7.8001	-82.9689
7.7994	-82.9685
7.7987	-82.9682
7.798	-82.9678
7.7973	-82.9674
7.7966	-82.967
7.7959	-82.9666
7.7957	-82.9663
7.7955	-82.9661
7.7952	-82.9659
7.795	-82.9657
7.7948	-82.9654
7.7946	-82.9652
7.7944	-82.965
7.7941	-82.9648
7.7939	-82.9646
7.7937	-82.9643
7.7935	-82.9641
7.7933	-82.9639
7.793	-82.9637
7.7928	-82.9634
7.7926	-82.9632
7.7924	-82.963
7.7922	-82.9628
7.7919	-82.9626
7.7917	-82.9623
7.7915	-82.9621
7.7913	-82.9619
7.7911	-82.9617
7.7908	-82.9614
7.7906	-82.9612
7.7904	-82.961
7.7902	-82.9608
7.79	-82.9606
7.7897	-82.9603
7.7895	-82.9601
7.7893	-82.9599
7.7891	-82.9597
7.7889	-82.9595
7.7886	-82.9592
7.7884	-82.959
7.7882	-82.9588
7.788	-82.9586
7.7878	-82.9583
7.7875	-82.9581
7.7873	-82.9579
7.7871	-82.9577
7.7869	-82.9575
7.7867	-82.9572
7.7864	-82.957
7.7862	-82.9568
7.786	-82.9566
7.7858	-82.9563
7.7856	-82.9561
7.7853	-82.9559
7.7851	-82.9557
7.7849	-82.9555
7.7847	-82.9552
7.7845	-82.955
7.7842	-82.9548
7.784	-82.9546
7.7838	-82.9543
7.7836	-82.9541
7.7834	-82.9539
7.7831	-82.9537
7.7829	-82.9535
7.7827	-82.9532
7.7825	-82.953
7.7823	-82.9528
7.782	-82.9526
7.7818	-82.9523
7.7816	-82.9521
7.7814	-82.9519
7.7812	-82.9517
7.7809	-82.9515
7.7807	-82.9512
7.7805	-82.951
7.7803	-82.9508
7.7801	-82.9506
7.7798	-82.9504
7.7796	-82.9501
7.7794	-82.9499
7.7792	-82.9497
7.779	-82.9495
7.7787	-82.9492
7.7785	-82.949
7.7783	-82.9488
7.7781	-82.9486
7.7779	-82.9484
7.7776	-82.9481
7.7774	-82.9479
7.7772	-82.9477
7.777	-82.9475
7.7768	-82.9472
7.7766	-82.947
7.7763	-82.9468
7.7761	-82.9466
7.7759	-82.9464
7.7757	-82.9461
7.7755	-82.9459
7.7752	-82.9457
7.775	-82.9455
7.7748	-82.9452
7.7746	-82.945
7.7744	-82.9448
7.7741	-82.9446
7.7727	-82.9445
7.7713	-82.9444
7.7698	-82.9442
7.7684	-82.9441
7.767	-82.944
7.7656	-82.9439
7.7641	-82.9438
7.7627	-82.9437
7.7613	-82.9436
7.7598	-82.9435
7.7584	-82.9434
7.757	-82.9432
7.7555	-82.9431
7.7541	-82.943
7.7527	-82.9429
7.7513	-82.9428
7.7498	-82.9427
7.7484	-82.9426
7.747	-82.9425
7.7455	-82.9424
7.7441	-82.9422
7.7427	-82.9421
7.7412	-82.942
7.7398	-82.9419
7.7384	-82.9418
7.737	-82.9417
7.7355	-82.9416
7.7341	-82.9415
7.7327	-82.9414
7.7312	-82.9413
7.7298	-82.9411
7.7284	-82.941
7.727	-82.9409
7.7255	-82.9408
7.7241	-82.9407
7.7227	-82.9406
7.7212	-82.9405
7.7198	-82.9404
7.7184	-82.9403
7.7169	-82.9401
7.7155	-82.94
7.7141	-82.9399
7.7127	-82.9398
7.7112	-82.9397
7.7098	-82.9396
7.7084	-82.9395
7.7069	-82.9394
7.7055	-82.9393
7.7041	-82.9391
7.7027	-82.939
7.7012	-82.9389
7.6998	-82.9388
7.6984	-82.9387
7.6969	-82.9386
7.6955	-82.9385
7.6941	-82.9384
7.6926	-82.9383
7.6912	-82.9381
7.6898	-82.938
7.6884	-82.9379
7.6869	-82.9378
7.6855	-82.9377
7.6841	-82.9376
7.6826	-82.9375
7.6812	-82.9374
7.6798	-82.9373
7.6783	-82.9371
7.6769	-82.937
7.6755	-82.9369
7.6741	-82.9368
7.6726	-82.9367
7.6712	-82.9366
7.6698	-82.9365
7.6683	-82.9364
7.6669	-82.9363
7.6655	-82.9361
7.6641	-82.936
7.6626	-82.9359
7.6612	-82.9358
7.6598	-82.9357
7.6583	-82.9356
7.6569	-82.9355
7.6555	-82.9354
7.654	-82.9353
7.6526	-82.9351
7.6512	-82.935
7.6498	-82.9349
7.6483	-82.9348
7.6469	-82.9347
7.6455	-82.9346
7.644	-82.9345
7.6426	-82.9344
7.6412	-82.9343
7.6397	-82.9341
7.6383	-82.934
7.6369	-82.9339
7.6355	-82.9338
7.634	-82.9337
7.6326	-82.9336
7.6318	-82.9334
7.6311	-82.9333
7.6303	-82.9331
7.6295	-82.933
7.6287	-82.9328
7.628	-82.9327
7.6272	-82.9325
7.6264	-82.9324
7.6257	-82.9322
7.6249	-82.932
7.6241	-82.9319
7.6234	-82.9317
7.6226	-82.9316
7.6218	-82.9314
7.621	-82.9313
7.6203	-82.9311
7.6195	-82.931
7.6187	-82.9308
7.618	-82.9306
7.6172	-82.9305
7.6164	-82.9303
7.6157	-82.9302
7.6149	-82.93
7.6141	-82.9299
7.6133	-82.9297
7.6126	-82.9296
7.6118	-82.9294
7.611	-82.9292
7.6103	-82.9291
7.6095	-82.9289
7.6087	-82.9288
7.608	-82.9286
7.6072	-82.9285
7.6064	-82.9283
7.6056	-82.9282
7.6049	-82.928
7.6041	-82.9278
7.6033	-82.9277
7.6026	-82.9275
7.6018	-82.9274
7.601	-82.9272
7.6003	-82.9271
7.5995	-82.9269
7.5987	-82.9268
7.5979	-82.9266
7.5972	-82.9264
7.5964	-82.9263
7.5956	-82.9261
7.5949	-82.926
7.5941	-82.9258
7.5933	-82.9257
7.5926	-82.9255
7.5918	-82.9254
7.591	-82.9252
7.5902	-82.925
7.5895	-82.9249
7.5887	-82.9247
7.5879	-82.9246
7.5872	-82.9244
7.5864	-82.9243
7.5856	-82.9241
7.5849	-82.924
7.5841	-82.9238
7.5833	-82.9236
7.5825	-82.9235
7.5818	-82.9233
7.581	-82.9232
7.5802	-82.923
7.5795	-82.9229
7.5787	-82.9227
7.5779	-82.9226
7.5772	-82.9224
7.5764	-82.9223
7.5756	-82.9221
7.5748	-82.9219
7.5741	-82.9218
7.5733	-82.9216
7.5725	-82.9215
7.5718	-82.9213
7.571	-82.9212
7.5702	-82.921
7.5695	-82.9209
7.5687	-82.9207
7.5679	-82.9205
7.5671	-82.9204
7.5664	-82.9202
7.5656	-82.9201
7.5648	-82.9199
7.5641	-82.9198
7.5633	-82.9196
7.5625	-82.9195
7.5618	-82.9193
7.561	-82.9191
7.5602	-82.919
7.5594	-82.9188
7.5587	-82.9187
7.5579	-82.9185
7.5571	-82.9184
7.5564	-82.9182
7.5553	-82.918
7.5542	-82.9179
7.5531	-82.9177
7.5521	-82.9175
7.551	-82.9173
7.5499	-82.9171
7.5488	-82.917
7.5477	-82.9168
7.5467	-82.9166
7.5456	-82.9164
7.5445	-82.9163
7.5434	-82.9161
7.5424	-82.9159
7.5413	-82.9157
7.5402	-82.9155
7.5391	-82.9154
7.538	-82.9152
7.537	-82.915
7.5359	-82.9148
7.5348	-82.9147
7.5337	-82.9145
7.5326	-82.9143
7.5316	-82.9141
7.5305	-82.914
7.5294	-82.9138
7.5283	-82.9136
7.5273	-82.9134
7.5262	-82.9132
7.5251	-82.9131
7.524	-82.9129
7.5229	-82.9127
7.5219	-82.9125
7.5208	-82.9124
7.5197	-82.9122
7.5186	-82.912
7.5176	-82.9118
7.5165	-82.9116
7.5154	-82.9115
7.5143	-82.9113
7.5132	-82.9111
7.5122	-82.9109
7.5111	-82.9108
7.51	-82.9106
7.5089	-82.9104
7.5078	-82.9102
7.5068	-82.91
7.5057	-82.9099
7.5046	-82.9097
7.5035	-82.9095
7.5025	-82.9093
7.5014	-82.9092
7.5003	-82.909
7.4992	-82.9088
7.4981	-82.9086
7.4971	-82.9084
7.496	-82.9083
7.4949	-82.9081
7.4938	-82.9079
7.4928	-82.9077
7.4917	-82.9076
7.4906	-82.9074
7.4895	-82.9072
7.4884	-82.907
7.4874	-82.9068
7.4863	-82.9067
7.4852	-82.9065
7.4841	-82.9063
7.483	-82.9061
7.482	-82.906
7.4809	-82.9058
7.4798	-82.9056
7.4787	-82.9054
7.4777	-82.9053
7.4766	-82.9051
7.4755	-82.9049
7.4744	-82.9047
7.4733	-82.9045
7.4723	-82.9044
7.4712	-82.9042
7.4701	-82.904
7.469	-82.9038
7.468	-82.9037
7.4669	-82.9035
7.4658	-82.9033
7.4647	-82.9031
7.4636	-82.9029
7.4626	-82.9028
7.4615	-82.9026
7.4604	-82.9024
7.4593	-82.9022
7.4583	-82.9021
7.4572	-82.9019
7.4561	-82.9017
7.455	-82.9015
7.4539	-82.9013
7.4529	-82.9012
7.4518	-82.901
7.4507	-82.9008
7.4496	-82.9006
7.4485	-82.9003
7.4474	-82.9001
7.4463	-82.8998
7.4452	-82.8995
7.4441	-82.8992
7.443	-82.8989
7.4419	-82.8986
7.4408	-82.8983
7.4397	-82.898
7.4386	-82.8977
7.4375	-82.8975
7.4364	-82.8972
7.4353	-82.8969
7.4342	-82.8966
7.4331	-82.8963
7.432	-82.896
7.4309	-82.8957
7.4298	-82.8954
7.4287	-82.8952
7.4276	-82.8949
7.4265	-82.8946
7.4254	-82.8943
7.4243	-82.894
7.4232	-82.8937
7.4221	-82.8934
7.421	-82.8931
7.4199	-82.8928
7.4188	-82.8926
7.4177	-82.8923
7.4166	-82.892
7.4155	-82.8917
7.4144	-82.8914
7.4133	-82.8911
7.4122	-82.8908
7.4111	-82.8905
7.41	-82.8902
7.4089	-82.89
7.4078	-82.8897
7.4067	-82.8894
7.4056	-82.8891
7.4045	-82.8888
7.4034	-82.8885
7.4023	-82.8882
7.4012	-82.8879
7.4001	-82.8876
7.399	-82.8874
7.3979	-82.8871
7.3968	-82.8868
7.3957	-82.8865
7.3946	-82.8862
7.3935	-82.8859
7.3924	-82.8856
7.3913	-82.8853
7.3902	-82.8851
7.3891	-82.8848
7.388	-82.8845
7.3869	-82.8842
7.3858	-82.8839
7.3847	-82.8836
7.3836	-82.8833
7.3825	-82.883
7.3814	-82.8827
7.3803	-82.8825
7.3792	-82.8822
7.3781	-82.8819
7.377	-82.8816
7.3759	-82.8813
7.3748	-82.881
7.3737	-82.8807
7.3726	-82.8804
7.3715	-82.8801
7.3704	-82.8799
7.3693	-82.8796
7.3682	-82.8793
7.3671	-82.879
7.366	-82.8787
7.3649	-82.8784
7.3638	-82.8781
7.3627	-82.8778
7.3616	-82.8776
7.3605	-82.8773
7.3594	-82.877
7.3583	-82.8767
7.3572	-82.8764
7.3561	-82.8761
7.355	-82.8758
7.3539	-82.8755
7.3528	-82.8752
7.3517	-82.875
7.3506	-82.8747
7.3495	-82.8744
7.3484	-82.8741
7.3473	-82.8738
7.3462	-82.8735
7.3451	-82.8732
7.344	-82.8729
7.3429	-82.8726
7.3418	-82.8724
7.3407	-82.8721
7.3399	-82.8721
7.3391	-82.8721
7.3383	-82.8721
7.3375	-82.8721
7.3367	-82.8721
7.3359	-82.8721
7.3351	-82.8721
7.3343	-82.8721
7.3335	-82.8721
7.3327	-82.8721
7.332	-82.8721
7.3312	-82.8721
7.3304	-82.8721
7.3296	-82.8721
7.3288	-82.8721
7.328	-82.8721
7.3272	-82.8721
7.3264	-82.8721
7.3256	-82.8721
7.3248	-82.8721
7.324	-82.8721
7.3232	-82.8721
7.3224	-82.8721
7.3217	-82.8721
7.3209	-82.8721
7.3201	-82.8721
7.3193	-82.8721
7.3185	-82.8721
7.3177	-82.8721
7.3169	-82.8721
7.3161	-82.8721
7.3153	-82.8721
7.3145	-82.8721
7.3137	-82.8721
7.3129	-82.8721
7.3121	-82.8721
7.3114	-82.8721
7.3106	-82.8721
7.3098	-82.8721
7.309	-82.8721
7.3082	-82.8721
7.3074	-82.8721
7.3066	-82.8721
7.3058	-82.8721
7.305	-82.8721
7.3042	-82.8721
7.3034	-82.8721
7.3026	-82.8721
7.3018	-82.8721
7.301	-82.8721
7.3003	-82.8721
7.2995	-82.8721
7.2987	-82.8721
7.2979	-82.8721
7.2971	-82.8721
7.2963	-82.8721
7.2955	-82.8721
7.2947	-82.8721
7.2939	-82.8721
7.2931	-82.8721
7.2923	-82.8721
7.2915	-82.8721
7.2907	-82.8721
7.29	-82.8721
7.2892	-82.8721
7.2884	-82.8721
7.2876	-82.8721
7.2868	-82.8721
7.286	-82.8721
7.2852	-82.8721
7.2844	-82.8721
7.2836	-82.8721
7.2828	-82.8721
7.282	-82.8721
7.2812	-82.8721
7.2804	-82.8721
7.2797	-82.8721
7.2789	-82.8721
7.2781	-82.8721
7.2773	-82.8721
7.2765	-82.8721
7.2757	-82.8721
7.2749	-82.8721
7.2741	-82.8721
7.2733	-82.8721
7.2725	-82.8721
7.2717	-82.8721
7.2709	-82.8721
7.2701	-82.8721
7.2693	-82.8721
7.2686	-82.8721
7.2678	-82.8721
7.267	-82.8721
7.2662	-82.8721
7.2654	-82.8721
7.2646	-82.8721
7.2638	-82.8721
7.263	-82.8721
7.2622	-82.8721
7.2609	-82.872
7.2597	-82.8719
7.2584	-82.8718
7.2571	-82.8717
7.2558	-82.8716
7.2546	-82.8715
7.2533	-82.8714
7.252	-82.8714
7.2507	-82.8713
7.2494	-82.8712
7.2482	-82.8711
7.2469	-82.871
7.2456	-82.8709
7.2443	-82.8708
7.2431	-82.8707
7.2418	-82.8706
7.2405	-82.8706
7.2392	-82.8705
7.2379	-82.8704
7.2367	-82.8703
7.2354	-82.8702
7.2341	-82.8701
7.2328	-82.87
7.2316	-82.8699
7.2303	-82.8699
7.229	-82.8698
7.2277	-82.8697
7.2265	-82.8696
7.2252	-82.8695
7.2239	-82.8694
7.2226	-82.8693
7.2213	-82.8692
7.2201	-82.8691
7.2188	-82.8691
7.2175	-82.869
7.2162	-82.8689
7.215	-82.8688
7.2137	-82.8687
7.2124	-82.8686
7.2111	-82.8685
7.2099	-82.8684
7.2086	-82.8683
7.2073	-82.8683
7.206	-82.8682
7.2047	-82.8681
7.2035	-82.868
7.2022	-82.8679
7.2009	-82.8678
7.1996	-82.8677
7.1984	-82.8676
7.1971	-82.8675
7.1958	-82.8675
7.1945	-82.8674
7.1932	-82.8673
7.192	-82.8672
7.1907	-82.8671
7.1894	-82.867
7.1881	-82.8669
7.1869	-82.8668
7.1856	-82.8667
7.1843	-82.8667
7.183	-82.8666
7.1818	-82.8665
7.1805	-82.8664
7.1792	-82.8663
7.1779	-82.8662
7.1766	-82.8661
7.1754	-82.866
7.1741	-82.8659
7.1728	-82.8659
7.1715	-82.8658
7.1703	-82.8657
7.169	-82.8656
7.1677	-82.8655
7.1664	-82.8654
7.1652	-82.8653
7.1639	-82.8652
7.1626	-82.8651
7.1613	-82.8651
7.16	-82.865
7.1588	-82.8649
7.1575	-82.8648
7.1562	-82.8647
7.1549	-82.8646
7.1537	-82.8645
7.1524	-82.8644
7.1511	-82.8643
7.1498	-82.8643
7.1485	-82.8642
7.1473	-82.8641
7.146	-82.864
7.1447	-82.8639
7.1434	-82.8638
7.1422	-82.8637
7.1409	-82.8636
7.1396	-82.8635
7.1383	-82.8635
7.1371	-82.8634
7.1358	-82.8633
7.1336	-82.8631
7.1315	-82.863
7.1294	-82.8629
7.1272	-82.8627
7.1251	-82.8626
7.123	-82.8625
7.1208	-82.8623
7.1187	-82.8622
7.1165	-82.8621
7.1144	-82.8619
7.1123	-82.8618
7.1101	-82.8617
7.108	-82.8615
7.1059	-82.8614
7.1037	-82.8613
7.1016	-82.8611
7.0995	-82.861
7.0973	-82.8609
7.0952	-82.8608
7.093	-82.8606
7.0909	-82.8605
7.0888	-82.8604
7.0866	-82.8602
7.0845	-82.8601
7.0824	-82.86
7.0802	-82.8598
7.0781	-82.8597
7.076	-82.8596
7.0738	-82.8594
7.0717	-82.8593
7.0695	-82.8592
7.0674	-82.859
7.0653	-82.8589
7.0631	-82.8588
7.061	-82.8586
7.0589	-82.8585
7.0567	-82.8584
7.0546	-82.8582
7.0524	-82.8581
7.0503	-82.858
7.0482	-82.8578
7.046	-82.8577
7.0439	-82.8576
7.0418	-82.8574
7.0396	-82.8573
7.0375	-82.8572
7.0354	-82.857
7.0332	-82.8569
7.0311	-82.8568
7.0289	-82.8566
7.0268	-82.8565
7.0247	-82.8564
7.0225	-82.8562
7.0204	-82.8561
7.0183	-82.856
7.0161	-82.8558
7.014	-82.8557
7.0118	-82.8556
7.0097	-82.8554
7.0076	-82.8553
7.0054	-82.8552
7.0033	-82.855
7.0012	-82.8549
6.999	-82.8548
6.9969	-82.8546
6.9948	-82.8545
6.9926	-82.8544
6.9905	-82.8542
6.9883	-82.8541
6.9862	-82.854
6.9841	-82.8538
6.9819	-82.8537
6.9798	-82.8536
6.9777	-82.8534
6.9755	-82.8533
6.9734	-82.8532
6.9713	-82.853
6.9691	-82.8529
6.967	-82.8528
6.9648	-82.8526
6.9627	-82.8525
6.9606	-82.8524
6.9584	-82.8522
6.9563	-82.8521
6.9542	-82.852
6.952	-82.8518
6.9499	-82.8517
6.9477	-82.8516
6.9456	-82.8514
6.9435	-82.8513
6.9413	-82.8512
6.9392	-82.851
6.9371	-82.8509
6.9349	-82.8508
6.9328	-82.8506
6.9307	-82.8505
6.9285	-82.8504
6.9264	-82.8502
6.9242	-82.8501
6.9226	-82.8501
6.9209	-82.8501
6.9192	-82.8501
6.9175	-82.8501
6.9159	-82.8501
6.9142	-82.8501
6.9125	-82.8501
6.9108	-82.8501
6.9092	-82.8501
6.9075	-82.8501
6.9058	-82.8501
6.9041	-82.8501
6.9025	-82.8501
6.9008	-82.8501
6.8991	-82.8501
6.8974	-82.8501
6.8958	-82.8501
6.8941	-82.8501
6.8924	-82.8501
6.8908	-82.8501
6.8891	-82.8501
6.8874	-82.8501
6.8857	-82.8501
6.8841	-82.8501
6.8824	-82.8501
6.8807	-82.8501
6.879	-82.8501
6.8774	-82.8501
6.8757	-82.8501
6.874	-82.8501
6.8723	-82.8501
6.8707	-82.8501
6.869	-82.8501
6.8673	-82.8501
6.8656	-82.8501
6.864	-82.8501
6.8623	-82.8501
6.8606	-82.8501
6.8589	-82.8501
6.8573	-82.8501
6.8556	-82.8501
6.8539	-82.8501
6.8522	-82.8501
6.8506	-82.8501
6.8489	-82.8501
6.8472	-82.8501
6.8455	-82.8501
6.8439	-82.8501
6.8422	-82.8501
6.8405	-82.8501
6.8388	-82.8501
6.8372	-82.8501
6.8355	-82.8501
6.8338	-82.8501
6.8321	-82.8501
6.8305	-82.8501
6.8288	-82.8501
6.8271	-82.8501
6.8254	-82.8501
6.8238	-82.8501
6.8221	-82.8501
6.8204	-82.8501
6.8187	-82.8501
6.8171	-82.8501
6.8154	-82.8501
6.8137	-82.8501
6.812	-82.8501
6.8104	-82.8501
6.8087	-82.8501
6.807	-82.8501
6.8053	-82.8501
6.8037	-82.8501
6.802	-82.8501
6.8003	-82.8501
6.7986	-82.8501
6.797	-82.8501
6.7953	-82.8501
6.7936	-82.8501
6.7919	-82.8501
6.7903	-82.8501
6.7886	-82.8501
6.7869	-82.8501
6.7852	-82.8501
6.7836	-82.8501
6.7819	-82.8501
6.7802	-82.8501
6.7785	-82.8501
6.7769	-82.8501
6.7752	-82.8501
6.7735	-82.8501
6.7718	-82.8501
6.7702	-82.8501
6.7685	-82.8501
6.7668	-82.8501
6.7651	-82.8501
6.7635	-82.8501
6.7618	-82.8501
6.7601	-82.8501
6.7584	-82.8501
6.7569	-82.8501
6.7554	-82.8501
6.7539	-82.85
6.7524	-82.85
6.7509	-82.85
6.7494	-82.85
6.7479	-82.8499
6.7465	-82.8499
6.745	-82.8499
6.7435	-82.8499
6.742	-82.8499
6.7405	-82.8498
6.739	-82.8498
6.7375	-82.8498
6.736	-82.8498
6.7345	-82.8497
6.733	-82.8497
6.7315	-82.8497
6.73	-82.8497
6.7285	-82.8497
6.727	-82.8496
6.7255	-82.8496
6.724	-82.8496
6.7225	-82.8496
6.721	-82.8495
6.7195	-82.8495
6.718	-82.8495
6.7165	-82.8495
6.715	-82.8495
6.7135	-82.8494
6.712	-82.8494
6.7105	-82.8494
6.709	-82.8494
6.7075	-82.8493
6.706	-82.8493
6.7045	-82.8493
6.703	-82.8493
6.7015	-82.8493
6.7	-82.8492
6.6985	-82.8492
6.697	-82.8492
6.6955	-82.8492
6.694	-82.8491
6.6925	-82.8491
6.691	-82.8491
6.6895	-82.8491
6.688	-82.8491
6.6865	-82.849
6.685	-82.849
6.6835	-82.849
6.682	-82.849
6.6805	-82.8489
6.679	-82.8489
6.6775	-82.8489
6.676	-82.8489
6.6745	-82.8489
6.673	-82.8488
6.6715	-82.8488
6.67	-82.8488
6.6685	-82.8488
6.667	-82.8487
6.6655	-82.8487
6.664	-82.8487
6.6625	-82.8487
6.661	-82.8487
6.6595	-82.8486
6.658	-82.8486
6.6565	-82.8486
6.655	-82.8486
6.6535	-82.8485
6.652	-82.8485
6.6505	-82.8485
6.649	-82.8485
6.6475	-82.8485
6.646	-82.8484
6.6445	-82.8484
6.643	-82.8484
6.6415	-82.8484
6.64	-82.8483
6.6385	-82.8483
6.637	-82.8483
6.6355	-82.8483
6.634	-82.8483
6.6325	-82.8482
6.631	-82.8482
6.6295	-82.8482
6.628	-82.8482
6.6265	-82.8481
6.625	-82.8481
6.6235	-82.8481
6.622	-82.8481
6.6205	-82.8481
6.619	-82.848
6.6175	-82.848
6.616	-82.848
6.6145	-82.848
6.613	-82.8479
6.6115	-82.8479
6.61	-82.8479
6.6079	-82.8478
6.6057	-82.8477
6.6035	-82.8476
6.6013	-82.8475
6.5991	-82.8474
6.5969	-82.8474
6.5948	-82.8473
6.5926	-82.8472
6.5904	-82.8471
6.5882	-82.847
6.586	-82.8469
6.5838	-82.8468
6.5817	-82.8467
6.5795	-82.8466
6.5773	-82.8465
6.5751	-82.8465
6.5729	-82.8464
6.5707	-82.8463
6.5686	-82.8462
6.5664	-82.8461
6.5642	-82.846
6.562	-82.8459
6.5598	-82.8458
6.5576	-82.8457
6.5555	-82.8456
6.5533	-82.8456
6.5511	-82.8455
6.5489	-82.8454
6.5467	-82.8453
6.5445	-82.8452
6.5423	-82.8451
6.5402	-82.845
6.538	-82.8449
6.5358	-82.8448
6.5336	-82.8447
6.5314	-82.8446
6.5292	-82.8446
6.5271	-82.8445
6.5249	-82.8444
6.5227	-82.8443
6.5205	-82.8442
6.5183	-82.8441
6.5161	-82.844
6.514	-82.8439
6.5118	-82.8438
6.5096	-82.8437
6.5074	-82.8437
6.5052	-82.8436
6.503	-82.8435
6.5009	-82.8434
6.4987	-82.8433
6.4965	-82.8432
6.4943	-82.8431
6.4921	-82.843
6.4899	-82.8429
6.4878	-82.8428
6.4856	-82.8427
6.4834	-82.8427
6.4812	-82.8426
6.479	-82.8425
6.4768	-82.8424
6.4747	-82.8423
6.4725	-82.8422
6.4703	-82.8421
6.4681	-82.842
6.4659	-82.8419
6.4637	-82.8418
6.4616	-82.8418
6.4594	-82.8417
6.4572	-82.8416
6.455	-82.8415
6.4528	-82.8414
6.4506	-82.8413
6.4485	-82.8412
6.4463	-82.8411
6.4441	-82.841
6.4419	-82.8409
6.4397	-82.8409
6.4375	-82.8408
6.4353	-82.8407
6.4332	-82.8406
6.431	-82.8405
6.4288	-82.8404
6.4266	-82.8403
6.4244	-82.8402
6.4222	-82.8401
6.4201	-82.84
6.4179	-82.8399
6.4157	-82.8399
6.4135	-82.8398
6.4113	-82.8397
6.4091	-82.8396
6.407	-82.8395
6.4048	-82.8394
6.4026	-82.8393
6.4004	-82.8392
6.3982	-82.8391
6.396	-82.839
6.3939	-82.839
6.3917	-82.8389
6.3895	-82.8388
6.3873	-82.8387
6.3851	-82.8386
6.3829	-82.8385
6.3808	-82.8384
6.3786	-82.8383
6.3764	-82.8382
6.3742	-82.8381
6.372	-82.8381
6.3698	-82.838
6.3677	-82.8379
6.3655	-82.8378
6.3633	-82.8377
6.3611	-82.8376
6.3589	-82.8375
6.3567	-82.8374
6.3546	-82.8373
6.3524	-82.8372
6.3502	-82.8372
6.348	-82.8371
6.3458	-82.837
6.3436	-82.8369
6.3415	-82.8368
6.3393	-82.8367
6.3371	-82.8366
6.3349	-82.8365
6.3327	-82.8364
6.3305	-82.8363
6.3283	-82.8362
6.3262	-82.8362
6.324	-82.8361
6.3218	-82.836
6.3196	-82.8359
6.3174	-82.8358
6.3152	-82.8357
6.3131	-82.8356
6.3109	-82.8355
6.3087	-82.8354
6.3065	-82.8353
6.3043	-82.8353
6.3021	-82.8352
6.3	-82.8351
6.2978	-82.835
6.2956	-82.8349
6.2934	-82.8348
6.2912	-82.8347
6.289	-82.8346
6.2869	-82.8345
6.2847	-82.8344
6.2825	-82.8344
6.2803	-82.8343
6.2781	-82.8342
6.2759	-82.8341
6.2738	-82.834
6.2716	-82.8339
6.2694	-82.8338
6.2672	-82.8337
6.265	-82.8336
6.2628	-82.8335
6.2607	-82.8334
6.2585	-82.8334
6.2563	-82.8333
6.2541	-82.8332
6.2519	-82.8331
6.2497	-82.833
6.2476	-82.8329
6.2454	-82.8328
6.2432	-82.8327
6.241	-82.8326
6.2388	-82.8325
6.2366	-82.8325
6.2344	-82.8324
6.2323	-82.8323
6.2301	-82.8322
6.2279	-82.8321
6.2257	-82.832
6.2235	-82.8319
6.2213	-82.8318
6.2192	-82.8317
6.217	-82.8316
6.2148	-82.8316
6.2126	-82.8315
6.2104	-82.8314
6.2082	-82.8313
6.2061	-82.8312
6.2039	-82.8311
6.2017	-82.831
6.1995	-82.8309
6.1973	-82.8308
6.1951	-82.8307
6.193	-82.8307
6.1908	-82.8306
6.1886	-82.8305
6.1864	-82.8304
6.1842	-82.8303
6.182	-82.8302
6.1799	-82.8301
6.1777	-82.83
6.1755	-82.8299
6.1733	-82.8298
6.1711	-82.8297
6.1689	-82.8297
6.1668	-82.8296
6.1646	-82.8295
6.1624	-82.8294
6.1602	-82.8293
6.158	-82.8292
6.1558	-82.8291
6.1537	-82.829
6.1515	-82.8289
6.1493	-82.8288
6.1471	-82.8288
6.1449	-82.8287
6.1427	-82.8286
6.1406	-82.8285
6.1384	-82.8284
6.1362	-82.8283
6.134	-82.8282
6.1318	-82.8281
6.1296	-82.8279
6.1274	-82.8276
6.1253	-82.8274
6.1231	-82.8271
6.1209	-82.8269
6.1187	-82.8266
6.1165	-82.8264
6.1143	-82.8261
6.1121	-82.8259
6.11	-82.8256
6.1078	-82.8254
6.1056	-82.8251
6.1034	-82.8249
6.1012	-82.8246
6.099	-82.8244
6.0969	-82.8241
6.0947	-82.8239
6.0925	-82.8236
6.0903	-82.8234
6.0881	-82.8231
6.0859	-82.8229
6.0837	-82.8226
6.0816	-82.8224
6.0794	-82.8221
6.0772	-82.8219
6.075	-82.8216
6.0728	-82.8214
6.0706	-82.8211
6.0684	-82.8209
6.0663	-82.8206
6.0641	-82.8203
6.0619	-82.8201
6.0597	-82.8198
6.0575	-82.8196
6.0553	-82.8193
6.0531	-82.8191
6.051	-82.8188
6.0488	-82.8186
6.0466	-82.8183
6.0444	-82.8181
6.0422	-82.8178
6.04	-82.8176
6.0378	-82.8173
6.0357	-82.8171
6.0335	-82.8168
6.0313	-82.8166
6.0291	-82.8163
6.0269	-82.8161
6.0247	-82.8158
6.0225	-82.8156
6.0204	-82.8153
6.0182	-82.8151
6.016	-82.8148
6.0138	-82.8146
6.0116	-82.8143
6.0094	-82.8141
6.0073	-82.8138
6.0051	-82.8136
6.0029	-82.8133
6.0007	-82.8131
5.9985	-82.8128
5.9963	-82.8126
5.9941	-82.8123
5.992	-82.8121
5.9898	-82.8118
5.9876	-82.8116
5.9854	-82.8113
5.9832	-82.8111
5.981	-82.8108
5.9788	-82.8106
5.9767	-82.8103
5.9745	-82.8101
5.9723	-82.8098
5.9701	-82.8096
5.9679	-82.8093
5.9657	-82.8091
5.9635	-82.8088
5.9614	-82.8086
5.9592	-82.8083
5.957	-82.8081
5.9548	-82.8078
5.9526	-82.8076
5.9504	-82.8073
5.9482	-82.8071
5.9461	-82.8068
5.9439	-82.8066
5.9417	-82.8063
5.9395	-82.8061
5.9373	-82.8058
5.9351	-82.8056
5.9329	-82.8053
5.9308	-82.8051
5.9286	-82.8048
5.9264	-82.8046
5.9242	-82.8043
5.922	-82.8041
5.9198	-82.8038
5.9177	-82.8036
5.9155	-82.8033
5.9133	-82.8031
5.9111	-82.8028
5.9089	-82.8025
5.9067	-82.8023
5.9045	-82.802
5.9024	-82.8018
5.9002	-82.8015
5.898	-82.8013
5.8958	-82.801
5.8936	-82.8008
5.8914	-82.8005
5.8892	-82.8003
5.8871	-82.8
5.8849	-82.7998
5.8827	-82.7995
5.8805	-82.7993
5.8783	-82.799
5.8761	-82.7988
5.8739	-82.7985
5.8718	-82.7983
5.8696	-82.798
5.8674	-82.7978
5.8652	-82.7975
5.863	-82.7973
5.8608	-82.797
5.8586	-82.7968
5.8565	-82.7965
5.8543	-82.7963
5.8521	-82.796
5.8499	-82.7958
5.8477	-82.7955
5.8455	-82.7953
5.8434	-82.795
5.8412	-82.7948
5.839	-82.7945
5.8368	-82.7943
5.8346	-82.794
5.8324	-82.7938
5.8302	-82.7935
5.8281	-82.7933
5.8259	-82.793
5.8237	-82.7928
5.8215	-82.7925
5.8193	-82.7923
5.8171	-82.792
5.8149	-82.7918
5.8128	-82.7915
5.8106	-82.7913
5.8084	-82.791
5.8062	-82.7908
5.804	-82.7904
5.8019	-82.7901
5.7997	-82.7897
5.7975	-82.7893
5.7954	-82.789
5.7932	-82.7886
5.791	-82.7883
5.7888	-82.7879
5.7867	-82.7876
5.7845	-82.7872
5.7823	-82.7868
5.7802	-82.7865
5.778	-82.7861
5.7758	-82.7858
5.7737	-82.7854
5.7715	-82.7851
5.7693	-82.7847
5.7672	-82.7843
5.765	-82.784
5.7628	-82.7836
5.7607	-82.7833
5.7585	-82.7829
5.7563	-82.7826
5.7541	-82.7822
5.752	-82.7818
5.7498	-82.7815
5.7476	-82.7811
5.7455	-82.7808
5.7433	-82.7804
5.7411	-82.78
5.739	-82.7797
5.7368	-82.7793
5.7346	-82.779
5.7325	-82.7786
5.7303	-82.7783
5.7281	-82.7779
5.726	-82.7775
5.7238	-82.7772
5.7216	-82.7768
5.7195	-82.7765
5.7173	-82.7761
5.7151	-82.7758
5.7129	-82.7754
5.7108	-82.775
5.7086	-82.7747
5.7064	-82.7743
5.7043	-82.774
5.7021	-82.7736
5.6999	-82.7733
5.6978	-82.7729
5.6956	-82.7725
5.6934	-82.7722
5.6913	-82.7718
5.6891	-82.7715
5.6869	-82.7711
5.6848	-82.7708
5.6826	-82.7704
5.6804	-82.77
5.6782	-82.7697
5.6761	-82.7693
5.6739	-82.769
5.6717	-82.7686
5.6696	-82.7683
5.6674	-82.7679
5.6652	-82.7675
5.6631	-82.7672
5.6609	-82.7668
5.6587	-82.7665
5.6566	-82.7661
5.6544	-82.7658
5.6522	-82.7654
5.6501	-82.765
5.6479	-82.7647
5.6457	-82.7643
5.6435	-82.764
5.6414	-82.7636
5.6392	-82.7633
5.637	-82.7629
5.6349	-82.7625
5.6327	-82.7622
5.6305	-82.7618
5.6284	-82.7615
5.6262	-82.7611
5.624	-82.7608
5.6219	-82.7604
5.6197	-82.76
5.6175	-82.7597
5.6154	-82.7593
5.6132	-82.759
5.611	-82.7586
5.6088	-82.7583
5.6067	-82.7579
5.6045	-82.7575
5.6023	-82.7572
5.6002	-82.7568
5.598	-82.7565
5.5958	-82.7561
5.5937	-82.7558
5.5915	-82.7554
5.5893	-82.755
5.5872	-82.7547
5.585	-82.7543
5.5828	-82.754
5.5807	-82.7536
5.5785	-82.7533
5.5763	-82.7529
5.5741	-82.7525
5.572	-82.7522
5.5698	-82.7518
5.5676	-82.7515
5.5655	-82.7511
5.5633	-82.7508
5.5611	-82.7504
5.559	-82.75
5.5568	-82.7497
5.5546	-82.7493
5.5525	-82.749
5.5503	-82.7486
5.5481	-82.7483
5.546	-82.7479
5.5438	-82.7475
5.5416	-82.7472
5.5394	-82.7468
5.5373	-82.7465
5.5351	-82.7463
5.5329	-82.746
5.5308	-82.7457
5.5286	-82.7454
5.5264	-82.7451
5.5242	-82.7448
5.5221	-82.7446
5.5199	-82.7443
5.5177	-82.744
5.5156	-82.7437
5.5134	-82.7434
5.5112	-82.7432
5.509	-82.7429
5.5069	-82.7426
5.5047	-82.7423
5.5025	-82.742
5.5004	-82.7417
5.4982	-82.7415
5.496	-82.7412
5.4938	-82.7409
5.4917	-82.7406
5.4895	-82.7403
5.4873	-82.74
5.4851	-82.7398
5.483	-82.7395
5.4808	-82.7392
5.4786	-82.7389
5.4765	-82.7386
5.4743	-82.7383
5.4721	-82.7381
5.4699	-82.7378
5.4678	-82.7375
5.4656	-82.7372
5.4634	-82.7369
5.4613	-82.7367
5.4591	-82.7364
5.4569	-82.7361
5.4547	-82.7358
5.4526	-82.7355
5.4504	-82.7352
5.4482	-82.735
5.4461	-82.7347
5.4439	-82.7344
5.4417	-82.7341
5.4395	-82.7338
5.4374	-82.7335
5.4352	-82.7333
5.433	-82.733
5.4308	-82.7327
5.4287	-82.7324
5.4265	-82.7321
5.4243	-82.7318
5.4222	-82.7316
5.42	-82.7313
5.4178	-82.731
5.4156	-82.7307
5.4135	-82.7304
5.4113	-82.7302
5.4091	-82.7299
5.407	-82.7296
5.4048	-82.7293
5.4026	-82.729
5.4004	-82.7287
5.3983	-82.7285
5.3961	-82.7282
5.3939	-82.7279
5.3918	-82.7276
5.3896	-82.7273
5.3874	-82.727
5.3852	-82.7268
5.3831	-82.7265
5.3809	-82.7262
5.3787	-82.7259
5.3766	-82.7256
5.3744	-82.7254
5.3722	-82.7251
5.37	-82.7248
5.3679	-82.7245
5.3657	-82.7242
5.3635	-82.7239
5.3613	-82.7237
5.3592	-82.7234
5.357	-82.7231
5.3548	-82.7228
5.3527	-82.7225
5.3505	-82.7222
5.3483	-82.722
5.3461	-82.7217
5.344	-82.7214
5.3418	-82.7211
5.3396	-82.7208
5.3375	-82.7205
5.3353	-82.7203
5.3331	-82.72
5.3309	-82.7197
5.3288	-82.7194
5.3266	-82.7191
5.3244	-82.7189
5.3223	-82.7186
5.3201	-82.7183
5.3179	-82.718
5.3157	-82.7177
5.3136	-82.7174
5.3114	-82.7172
5.3092	-82.7169
5.307	-82.7166
5.3049	-82.7163
5.3027	-82.716
5.3005	-82.7157
5.2984	-82.7155
5.2962	-82.7152
5.294	-82.7149
5.2918	-82.7146
5.2897	-82.7143
5.2875	-82.7141
5.2853	-82.7138
5.2832	-82.7135
5.281	-82.7132
5.2788	-82.7129
5.2766	-82.7126
5.2745	-82.7124
5.2723	-82.7121
5.2701	-82.7118
5.268	-82.7115
5.2658	-82.7112
5.2636	-82.7109
5.2614	-82.7107
5.2593	-82.7104
5.2571	-82.7101
5.2549	-82.7098
5.2528	-82.7095
5.2506	-82.7093
5.2484	-82.709
5.2462	-82.7087
5.2441	-82.7084
5.2419	-82.7081
5.2397	-82.7078
5.2375	-82.7076
5.2354	-82.7073
5.2332	-82.7073
5.231	-82.7073
5.2288	-82.7073
5.2266	-82.7073
5.2244	-82.7074
5.2222	-82.7074
5.22	-82.7074
5.2179	-82.7074
5.2157	-82.7074
5.2135	-82.7074
5.2113	-82.7075
5.2091	-82.7075
5.2069	-82.7075
5.2047	-82.7075
5.2025	-82.7075
5.2003	-82.7076
5.1982	-82.7076
5.196	-82.7076
5.1938	-82.7076
5.1916	-82.7076
5.1894	-82.7076
5.1872	-82.7077
5.185	-82.7077
5.1828	-82.7077
5.1806	-82.7077
5.1784	-82.7077
5.1763	-82.7077
5.1741	-82.7078
5.1719	-82.7078
5.1697	-82.7078
5.1675	-82.7078
5.1653	-82.7078
5.1631	-82.7079
5.1609	-82.7079
5.1587	-82.7079
5.1566	-82.7079
5.1544	-82.7079
5.1522	-82.7079
5.15	-82.708
5.1478	-82.708
5.1456	-82.708
5.1434	-82.708
5.1412	-82.708
5.139	-82.708
5.1368	-82.7081
5.1347	-82.7081
5.1325	-82.7081
5.1303	-82.7081
5.1281	-82.7081
5.1259	-82.7081
5.1237	-82.7082
5.1215	-82.7082
5.1193	-82.7082
5.1171	-82.7082
5.115	-82.7082
5.1128	-82.7083
5.1106	-82.7083
5.1084	-82.7083
5.1062	-82.7083
5.104	-82.7083
5.1018	-82.7083
5.0996	-82.7084
5.0974	-82.7084
5.0952	-82.7084
5.0931	-82.7084
5.0909	-82.7084
5.0887	-82.7084
5.0865	-82.7085
5.0843	-82.7085
5.0821	-82.7085
5.0799	-82.7085
5.0777	-82.7085
5.0755	-82.7085
5.0734	-82.7086
5.0712	-82.7086
5.069	-82.7086
5.0668	-82.7086
5.0646	-82.7086
5.0624	-82.7087
5.0602	-82.7087
5.058	-82.7087
5.0558	-82.7087
5.0536	-82.7087
5.0515	-82.7087
5.0493	-82.7088
5.0471	-82.7088
5.0449	-82.7088
5.0427	-82.7088
5.0405	-82.7088
5.0383	-82.7088
5.0361	-82.7089
5.0339	-82.7089
5.0318	-82.7089
5.0296	-82.7089
5.0274	-82.7089
5.0252	-82.7089
5.023	-82.709
5.0208	-82.709
5.0186	-82.709
5.0164	-82.709
5.0142	-82.709
5.012	-82.7091
5.0099	-82.7091
5.0077	-82.7091
5.0055	-82.7091
5.0033	-82.7091
5.0011	-82.7091
4.9989	-82.7092
4.9967	-82.7092
4.9945	-82.7092
4.9923	-82.7092
4.9902	-82.7092
4.988	-82.7092
4.9858	-82.7093
4.9836	-82.7093
4.9814	-82.7093
4.9792	-82.7093
4.977	-82.7093
4.9748	-82.7093
4.9726	-82.7094
4.9704	-82.7094
4.9683	-82.7094
4.9661	-82.7094
4.9639	-82.7094
4.9617	-82.7095
4.9595	-82.7095
4.9573	-82.7095
4.9551	-82.7095
4.9529	-82.7095
4.9507	-82.7095
4.9486	-82.7096
4.9464	-82.7096
4.9442	-82.7096
4.942	-82.7096
4.9398	-82.7096
4.9376	-82.7096
4.9354	-82.7097
4.9332	-82.7097
4.931	-82.7097
4.9288	-82.7097
4.9267	-82.7097
4.9245	-82.7097
4.9223	-82.7098
4.9201	-82.7098
4.9179	-82.7098
4.9157	-82.7098
4.9135	-82.7098
4.9113	-82.7099
4.9091	-82.7099
4.907	-82.7099
4.9048	-82.7099
4.9026	-82.7099
4.9004	-82.7099
4.8982	-82.71
4.896	-82.71
4.8938	-82.71
4.8916	-82.71
4.8894	-82.71
4.8872	-82.71
4.8851	-82.7101
4.8829	-82.7101
4.8807	-82.7101
4.8785	-82.7101
4.8763	-82.7101
4.8741	-82.7101
4.8719	-82.7102
4.8697	-82.7102
4.8675	-82.7102
4.8654	-82.7102
4.8632	-82.7102
4.861	-82.7103
4.8588	-82.7103
4.8566	-82.7103
4.8544	-82.7103
4.8522	-82.7103
4.85	-82.7103
4.8478	-82.7104
4.8456	-82.7104
4.8435	-82.7104
4.8413	-82.7104
4.8391	-82.7104
4.8369	-82.7104
4.8347	-82.7105
4.8325	-82.7105
4.8303	-82.7105
4.8281	-82.7105
4.8259	-82.7105
4.8238	-82.7105
4.8216	-82.7106
4.8194	-82.7106
4.8172	-82.7106
4.815	-82.7106
4.8128	-82.7106
4.8106	-82.7107
4.8084	-82.7107
4.8062	-82.7107
4.804	-82.7107
4.8019	-82.7107
4.7997	-82.7107
4.7975	-82.7108
4.7953	-82.7108
4.7931	-82.7108
4.7909	-82.7108
4.7887	-82.7108
4.7865	-82.7108
4.7843	-82.7109
4.7822	-82.7109
4.78	-82.7109
4.7778	-82.7109
4.7756	-82.7109
4.7734	-82.7109
4.7712	-82.711
4.769	-82.711
4.7668	-82.711
4.7646	-82.711
4.7624	-82.711
4.7603	-82.7111
4.7581	-82.7111
4.7559	-82.7111
4.7537	-82.7111
4.7515	-82.7111
4.7493	-82.7111
4.7471	-82.7112
4.7449	-82.7112
4.7427	-82.7112
4.7406	-82.7112
4.7384	-82.7112
4.7362	-82.7112
4.734	-82.7113
4.7318	-82.7113
4.7296	-82.7113
4.7274	-82.7113
4.7252	-82.7113
4.723	-82.7113
4.7208	-82.7114
4.7187	-82.7114
4.7165	-82.7114
4.7143	-82.7114
4.7121	-82.7114
4.7099	-82.7115
4.7077	-82.7115
4.7055	-82.7115
4.7033	-82.7115
4.7011	-82.7115
4.699	-82.7115
4.6968	-82.7116
4.6946	-82.7116
4.6924	-82.7116
4.6902	-82.7116
4.688	-82.7116
4.6858	-82.7116
4.6836	-82.7117
4.6814	-82.7117
4.6792	-82.7117
4.6771	-82.7117
4.6749	-82.7117
4.6727	-82.7117
4.6705	-82.7118
4.6683	-82.7118
4.6661	-82.7118
4.6639	-82.7118
4.6617	-82.7118
4.6595	-82.7119
4.6574	-82.7119
4.6552	-82.7119
4.653	-82.7119
4.6508	-82.7119
4.6486	-82.7119
4.6464	-82.712
4.6442	-82.712
4.642	-82.712
4.6398	-82.712
4.6376	-82.712
4.6355	-82.712
4.6333	-82.7121
4.6311	-82.7121
4.6289	-82.7121
4.6267	-82.7121
4.6245	-82.7121
4.6223	-82.7121
4.6201	-82.7122
4.6179	-82.7122
4.6158	-82.7122
4.6136	-82.7122
4.6114	-82.7122
4.6092	-82.7123
4.607	-82.7123
4.6048	-82.7123
4.6026	-82.7123
4.6004	-82.7123
4.5982	-82.7123
4.596	-82.7124
4.5939	-82.7124
4.5917	-82.7124
4.5895	-82.7124
4.5873	-82.7124
4.5851	-82.7124
4.5829	-82.7125
4.5807	-82.7125
4.5785	-82.7125
4.5763	-82.7125
4.5742	-82.7125
4.572	-82.7125
4.5698	-82.7126
4.5676	-82.7126
4.5654	-82.7126
4.5632	-82.7126
4.561	-82.7126
4.5588	-82.7127
4.5566	-82.7127
4.5544	-82.7127
4.5523	-82.7127
4.5501	-82.7127
4.5479	-82.7127
4.5457	-82.7128
4.5435	-82.7128
4.5413	-82.7128
4.5391	-82.7128
4.5369	-82.7128
4.5347	-82.7128
4.5326	-82.7129
4.5304	-82.7129
4.5282	-82.7129
4.526	-82.7129
4.5238	-82.7129
4.5216	-82.7129
4.5194	-82.713
4.5172	-82.713
4.515	-82.713
4.5128	-82.713
4.5107	-82.713
4.5085	-82.7131
4.5063	-82.7131
4.5041	-82.7131
4.5019	-82.7131
4.4997	-82.7131
4.4975	-82.7131
4.4953	-82.7132
4.4931	-82.7132
4.491	-82.7132
4.4888	-82.7132
4.4866	-82.7132
4.4844	-82.7132
4.4822	-82.7133
4.48	-82.7133
4.4778	-82.7133
4.4756	-82.7133
4.4734	-82.7133
4.4712	-82.7133
4.4691	-82.7134
4.4669	-82.7134
4.4647	-82.7134
4.4625	-82.7134
4.4603	-82.7134
4.4581	-82.7135
4.4559	-82.7135
4.4537	-82.7135
4.4515	-82.7135
4.4494	-82.7135
4.4472	-82.7135
4.445	-82.7136
4.4428	-82.7136
4.4406	-82.7136
4.4384	-82.7136
4.4362	-82.7136
4.434	-82.7136
4.4318	-82.7137
4.4296	-82.7137
4.4275	-82.7137
4.4253	-82.7137
4.4231	-82.7137
4.4209	-82.7137
4.4187	-82.7138
4.4165	-82.7138
4.4143	-82.7138
4.4121	-82.7138
4.4099	-82.7138
4.4078	-82.7138
4.4056	-82.7139
4.4045	-82.7138
4.4034	-82.7136
4.4022	-82.7135
4.4011	-82.7134
4.4	-82.7133
4.3989	-82.7132
4.3978	-82.7131
4.3967	-82.713
4.3956	-82.7129
4.3945	-82.7128
4.3934	-82.7126
4.3923	-82.7125
4.3912	-82.7124
4.3901	-82.7123
4.389	-82.7122
4.3879	-82.7121
4.3868	-82.712
4.3856	-82.7119
4.3845	-82.7118
4.3834	-82.7116
4.3823	-82.7115
4.3812	-82.7114
4.3801	-82.7113
4.379	-82.7112
4.3779	-82.7111
4.3768	-82.711
4.3757	-82.7109
4.3746	-82.7108
4.3735	-82.7106
4.3724	-82.7105
4.3713	-82.7104
4.3702	-82.7103
4.369	-82.7102
4.3679	-82.7101
4.3668	-82.71
4.3657	-82.7099
4.3646	-82.7098
4.3635	-82.7096
4.3624	-82.7095
4.3613	-82.7094
4.3602	-82.7093
4.3591	-82.7092
4.358	-82.7091
4.3569	-82.709
4.3558	-82.7089
4.3547	-82.7088
4.3536	-82.7087
4.3525	-82.7085
4.3513	-82.7084
4.3502	-82.7083
4.3491	-82.7082
4.348	-82.7081
4.3469	-82.708
4.3458	-82.7079
4.3447	-82.7078
4.3436	-82.7077
4.3425	-82.7075
4.3414	-82.7074
4.3403	-82.7073
4.3392	-82.7072
4.3381	-82.7071
4.337	-82.707
4.3359	-82.7069
4.3347	-82.7068
4.3336	-82.7067
4.3325	-82.7065
4.3314	-82.7064
4.3303	-82.7063
4.3292	-82.7062
4.3281	-82.7061
4.327	-82.706
4.3259	-82.7059
4.3248	-82.7058
4.3237	-82.7057
4.3226	-82.7055
4.3215	-82.7054
4.3204	-82.7053
4.3193	-82.7052
4.3181	-82.7051
4.317	-82.705
4.3159	-82.7049
4.3148	-82.7048
4.3137	-82.7047
4.3126	-82.7045
4.3115	-82.7044
4.3104	-82.7043
4.3093	-82.7042
4.3082	-82.7041
4.3071	-82.704
4.306	-82.7039
4.3049	-82.7038
4.3038	-82.7037
4.3027	-82.7035
4.3016	-82.7034
4.3004	-82.7033
4.2993	-82.7032
4.2982	-82.7031
4.2971	-82.703
4.296	-82.7029
4.2938	-82.7027
4.2916	-82.7026
4.2894	-82.7024
4.2872	-82.7022
4.2851	-82.7021
4.2829	-82.7019
4.2807	-82.7017
4.2785	-82.7016
4.2763	-82.7014
4.2741	-82.7012
4.2719	-82.7011
4.2697	-82.7009
4.2675	-82.7007
4.2653	-82.7006
4.2631	-82.7004
4.2609	-82.7002
4.2588	-82.7001
4.2566	-82.6999
4.2544	-82.6997
4.2522	-82.6996
4.25	-82.6994
4.2478	-82.6992
4.2456	-82.6991
4.2434	-82.6989
4.2412	-82.6987
4.239	-82.6986
4.2368	-82.6984
4.2346	-82.6983
4.2324	-82.6981
4.2303	-82.6979
4.2281	-82.6978
4.2259	-82.6976
4.2237	-82.6974
4.2215	-82.6973
4.2193	-82.6971
4.2171	-82.6969
4.2149	-82.6968
4.2127	-82.6966
4.2105	-82.6964
4.2083	-82.6963
4.2061	-82.6961
4.204	-82.6959
4.2018	-82.6958
4.1996	-82.6956
4.1974	-82.6954
4.1952	-82.6953
4.193	-82.6951
4.1908	-82.6949
4.1886	-82.6948
4.1864	-82.6946
4.1842	-82.6945
4.182	-82.6943
4.1798	-82.6941
4.1776	-82.694
4.1755	-82.6938
4.1733	-82.6936
4.1711	-82.6935
4.1689	-82.6933
4.1667	-82.6931
4.1645	-82.693
4.1623	-82.6928
4.1601	-82.6926
4.1579	-82.6925
4.1557	-82.6923
4.1535	-82.6921
4.1513	-82.692
4.1492	-82.6918
4.147	-82.6916
4.1448	-82.6915
4.1426	-82.6913
4.1404	-82.6911
4.1382	-82.691
4.136	-82.6908
4.1338	-82.6907
4.1316	-82.6905
4.1294	-82.6903
4.1272	-82.6902
4.125	-82.69
4.1228	-82.6898
4.1207	-82.6897
4.1185	-82.6895
4.1163	-82.6893
4.1141	-82.6892
4.1119	-82.689
4.1097	-82.6888
4.1075	-82.6887
4.1053	-82.6885
4.1031	-82.6883
4.1009	-82.6882
4.0987	-82.688
4.0965	-82.6878
4.0944	-82.6877
4.0922	-82.6875
4.09	-82.6873
4.0878	-82.6872
4.0856	-82.687
4.0834	-82.6869
4.0812	-82.6867
4.079	-82.6865
4.0768	-82.6864
4.0746	-82.6862
4.0724	-82.686
4.0702	-82.6859
4.068	-82.6857
4.0659	-82.6855
4.0637	-82.6854
4.0615	-82.6852
4.0593	-82.685
4.0571	-82.6849
4.0549	-82.6847
4.0527	-82.6845
4.0505	-82.6844
4.0483	-82.6842
4.0461	-82.684
4.0439	-82.6839
4.0417	-82.6837
4.0396	-82.6835
4.0374	-82.6834
4.0352	-82.6832
4.033	-82.6831
4.0308	-82.6829
4.0286	-82.6827
4.0264	-82.6826
4.0242	-82.6824
4.022	-82.6822
4.0198	-82.6821
4.0176	-82.6819
4.0154	-82.6817
4.0132	-82.6816
4.0111	-82.6814
4.0089	-82.6812
4.0067	-82.6811
4.0045	-82.6809
4.0023	-82.6807
4.0001	-82.6806
3.9979	-82.6804
3.9957	-82.6802
3.9935	-82.6801
3.9913	-82.6799
3.9891	-82.6797
3.9869	-82.6796
3.9848	-82.6794
3.9826	-82.6793
3.9804	-82.6791
3.9782	-82.6789
3.976	-82.6788
3.9738	-82.6786
3.9716	-82.6784
3.9694	-82.6783
3.9672	-82.6781
3.965	-82.6779
3.9628	-82.6778
3.9606	-82.6776
3.9584	-82.6774
3.9563	-82.6773
3.9541	-82.6771
3.9519	-82.6769
3.9497	-82.6768
3.9475	-82.6766
3.9453	-82.6764
3.9431	-82.6763
3.9409	-82.6761
3.9387	-82.676
3.9365	-82.6758
3.9343	-82.6756
3.9321	-82.6755
3.93	-82.6753
3.9278	-82.6751
3.9256	-82.675
3.9234	-82.6748
3.9212	-82.6746
3.919	-82.6745
3.9168	-82.6743
3.9146	-82.6741
3.9124	-82.674
3.9102	-82.6738
3.908	-82.6736
3.9058	-82.6735
3.9036	-82.6733
3.9015	-82.6731
3.8993	-82.673
3.8971	-82.6728
3.8949	-82.6726
3.8927	-82.6725
3.8905	-82.6723
3.8883	-82.6722
3.8861	-82.672
3.8839	-82.6718
3.8817	-82.6717
3.8795	-82.6715
3.8773	-82.6713
3.8752	-82.6712
3.873	-82.671
3.8708	-82.6708
3.8686	-82.6707
3.8664	-82.6705
3.8642	-82.6703
3.862	-82.6702
3.8598	-82.67
3.8576	-82.6698
3.8554	-82.6697
3.8532	-82.6695
3.851	-82.6693
3.8488	-82.6692
3.8467	-82.669
3.8445	-82.6689
3.8423	-82.6687
3.8401	-82.6685
3.8379	-82.6684
3.8357	-82.6682
3.8335	-82.668
3.8313	-82.6679
3.8291	-82.6677
3.8269	-82.6675
3.8247	-82.6674
3.8225	-82.6672
3.8204	-82.667
3.8182	-82.6669
3.816	-82.6667
3.8138	-82.6665
3.8116	-82.6664
3.8094	-82.6662
3.8072	-82.666
3.805	-82.6659
3.8028	-82.6657
3.8006	-82.6655
3.7984	-82.6654
3.7962	-82.6652
3.794	-82.6651
3.7919	-82.6649
3.7897	-82.6647
3.7875	-82.6646
3.7853	-82.6644
3.7831	-82.6642
3.7809	-82.6641
3.7787	-82.6639
3.7765	-82.6637
3.7743	-82.6636
3.7721	-82.6634
3.7699	-82.6632
3.7677	-82.6631
3.7656	-82.6629
3.7634	-82.6627
3.7612	-82.6626
3.759	-82.6624
3.7568	-82.6622
3.7546	-82.6621
3.7524	-82.6619
3.7502	-82.6618
3.748	-82.6616
3.7458	-82.6614
3.7436	-82.6613
3.7414	-82.6611
3.7392	-82.6609
3.7371	-82.6608
3.7349	-82.6606
3.7327	-82.6604
3.7305	-82.6603
3.7283	-82.6601
3.7261	-82.6599
3.7239	-82.6598
3.7217	-82.6596
3.7195	-82.6594
3.7173	-82.6593
3.7151	-82.6591
3.7129	-82.6589
3.7108	-82.6588
3.7086	-82.6586
3.7064	-82.6585
3.7042	-82.6583
3.702	-82.6581
3.6998	-82.658
3.6976	-82.6578
3.6954	-82.6576
3.6932	-82.6575
3.691	-82.6573
3.6888	-82.6571
3.6866	-82.657
3.6844	-82.6568
3.6823	-82.6566
3.6801	-82.6565
3.6779	-82.6563
3.6757	-82.6561
3.6735	-82.656
3.6713	-82.6558
3.6691	-82.6556
3.6669	-82.6555
3.6647	-82.6553
3.6625	-82.6551
3.6603	-82.655
3.6581	-82.6548
3.656	-82.6547
3.6538	-82.6545
3.6516	-82.6543
3.6494	-82.6542
3.6472	-82.654
3.645	-82.6538
3.6428	-82.6537
3.6406	-82.6535
3.6384	-82.6533
3.6362	-82.6532
3.634	-82.653
3.6318	-82.6528
3.6296	-82.6527
3.6275	-82.6525
3.6253	-82.6523
3.6231	-82.6524
3.6209	-82.6524
3.6187	-82.6524
3.6165	-82.6525
3.6143	-82.6525
3.6121	-82.6526
3.6099	-82.6526
3.6077	-82.6526
3.6055	-82.6527
3.6033	-82.6527
3.6011	-82.6527
3.5989	-82.6528
3.5968	-82.6528
3.5946	-82.6528
3.5924	-82.6529
3.5902	-82.6529
3.588	-82.6529
3.5858	-82.653
3.5836	-82.653
3.5814	-82.653
3.5792	-82.6531
3.577	-82.6531
3.5748	-82.6532
3.5726	-82.6532
3.5704	-82.6532
3.5682	-82.6533
3.566	-82.6533
3.5639	-82.6533
3.5617	-82.6534
3.5595	-82.6534
3.5573	-82.6534
3.5551	-82.6535
3.5529	-82.6535
3.5507	-82.6535
3.5485	-82.6536
3.5463	-82.6536
3.5441	-82.6536
3.5419	-82.6537
3.5397	-82.6537
3.5375	-82.6538
3.5353	-82.6538
3.5332	-82.6538
3.531	-82.6539
3.5288	-82.6539
3.5266	-82.6539
3.5244	-82.654
3.5222	-82.654
3.52	-82.654
3.5178	-82.6541
3.5156	-82.6541
3.5134	-82.6541
3.5112	-82.6542
3.509	-82.6542
3.5068	-82.6542
3.5046	-82.6543
3.5024	-82.6543
3.5003	-82.6543
3.4981	-82.6544
3.4959	-82.6544
3.4937	-82.6545
3.4915	-82.6545
3.4893	-82.6545
3.4871	-82.6546
3.4849	-82.6546
3.4827	-82.6546
3.4805	-82.6547
3.4783	-82.6547
3.4761	-82.6547
3.4739	-82.6548
3.4717	-82.6548
3.4695	-82.6548
3.4674	-82.6549
3.4652	-82.6549
3.463	-82.6549
3.4608	-82.655
3.4586	-82.655
3.4564	-82.6551
3.4542	-82.6551
3.452	-82.6551
3.4498	-82.6552
3.4476	-82.6552
3.4454	-82.6552
3.4432	-82.6553
3.441	-82.6553
3.4388	-82.6553
3.4366	-82.6554
3.4345	-82.6554
3.4323	-82.6554
3.4301	-82.6555
3.4279	-82.6555
3.4257	-82.6555
3.4235	-82.6556
3.4213	-82.6556
3.4191	-82.6556
3.4169	-82.6557
3.4147	-82.6557
3.4125	-82.6558
3.4103	-82.6558
3.4081	-82.6558
3.4059	-82.6559
3.4038	-82.6559
3.4016	-82.6559
3.3994	-82.656
3.3972	-82.656
3.395	-82.656
3.3928	-82.6561
3.3906	-82.6561
3.3884	-82.6561
3.3862	-82.6562
3.384	-82.6562
3.3818	-82.6562
3.3796	-82.6563
3.3774	-82.6563
3.3752	-82.6564
3.373	-82.6564
3.3709	-82.6564
3.3687	-82.6565
3.3665	-82.6565
3.3643	-82.6565
3.3621	-82.6566
3.3599	-82.6566
3.3577	-82.6566
3.3555	-82.6567
3.3533	-82.6567
3.3511	-82.6567
3.3504	-82.6566
3.3497	-82.6565
3.3489	-82.6564
3.3482	-82.6563
3.3475	-82.6562
3.3467	-82.6561
3.346	-82.656
3.3453	-82.6559
3.3445	-82.6557
3.3438	-82.6556
3.3431	-82.6555
3.3423	-82.6554
3.3416	-82.6553
3.3409	-82.6552
3.3401	-82.6551
3.3394	-82.655
3.3387	-82.6549
3.338	-82.6547
3.3372	-82.6546
3.3365	-82.6545
3.3358	-82.6544
3.335	-82.6543
3.3343	-82.6542
3.3336	-82.6541
3.3328	-82.654
3.3321	-82.6539
3.3314	-82.6537
3.3306	-82.6536
3.3299	-82.6535
3.3292	-82.6534
3.3284	-82.6533
3.3277	-82.6532
3.327	-82.6531
3.3263	-82.653
3.3255	-82.6529
3.3248	-82.6527
3.3241	-82.6526
3.3233	-82.6525
3.3226	-82.6524
3.3219	-82.6523
3.3211	-82.6522
3.3204	-82.6521
3.3197	-82.652
3.3189	-82.6519
3.3182	-82.6517
3.3175	-82.6516
3.3167	-82.6515
3.316	-82.6514
3.3153	-82.6513
3.3146	-82.6512
3.3138	-82.6511
3.3131	-82.651
3.3124	-82.6509
3.3116	-82.6507
3.3109	-82.6506
3.3102	-82.6505
3.3094	-82.6504
3.3087	-82.6503
3.308	-82.6502
3.3072	-82.6501
3.3065	-82.65
3.3058	-82.6499
3.305	-82.6497
3.3043	-82.6496
3.3036	-82.6495
3.3029	-82.6494
3.3021	-82.6493
3.3014	-82.6492
3.3007	-82.6491
3.2999	-82.649
3.2992	-82.6489
3.2985	-82.6487
3.2977	-82.6486
3.297	-82.6485
3.2963	-82.6484
3.2955	-82.6483
3.2948	-82.6482
3.2941	-82.6481
3.2934	-82.648
3.2926	-82.6479
3.2919	-82.6477
3.2912	-82.6476
3.2904	-82.6475
3.2897	-82.6474
3.289	-82.6473
3.2882	-82.6472
3.2875	-82.6471
3.2868	-82.647
3.286	-82.6469
3.2853	-82.6468
3.2846	-82.6466
3.2838	-82.6465
3.2831	-82.6464
3.2824	-82.6463
3.2817	-82.6462
3.2809	-82.6461
3.2802	-82.646
3.2795	-82.6459
3.2787	-82.6458
3.2765	-82.646
3.2744	-82.6462
3.2722	-82.6464
3.27	-82.6466
3.2678	-82.6468
3.2656	-82.647
3.2634	-82.6472
3.2612	-82.6474
3.2591	-82.6476
3.2569	-82.6478
3.2547	-82.648
3.2525	-82.6482
3.2503	-82.6485
3.2481	-82.6487
3.2459	-82.6489
3.2438	-82.6491
3.2416	-82.6493
3.2394	-82.6495
3.2372	-82.6497
3.235	-82.6499
3.2328	-82.6501
3.2306	-82.6503
3.2285	-82.6505
3.2263	-82.6507
3.2241	-82.6509
3.2219	-82.6512
3.2197	-82.6514
3.2175	-82.6516
3.2153	-82.6518
3.2132	-82.652
3.211	-82.6522
3.2088	-82.6524
3.2066	-82.6526
3.2044	-82.6528
3.2022	-82.653
3.2	-82.6532
3.1979	-82.6534
3.1957	-82.6536
3.1935	-82.6539
3.1913	-82.6541
3.1891	-82.6543
3.1869	-82.6545
3.1847	-82.6547
3.1826	-82.6549
3.1804	-82.6551
3.1782	-82.6553
3.176	-82.6555
3.1738	-82.6557
3.1716	-82.6559
3.1694	-82.6561
3.1673	-82.6563
3.1651	-82.6566
3.1629	-82.6568
3.1607	-82.657
3.1585	-82.6572
3.1563	-82.6574
3.1541	-82.6576
3.152	-82.6578
3.1498	-82.658
3.1476	-82.6582
3.1454	-82.6584
3.1432	-82.6586
3.141	-82.6588
3.1388	-82.659
3.1367	-82.6593
3.1345	-82.6595
3.1323	-82.6597
3.1301	-82.6599
3.1279	-82.6601
3.1257	-82.6603
3.1235	-82.6605
3.1214	-82.6607
3.1192	-82.6609
3.117	-82.6611
3.1148	-82.6613
3.1126	-82.6615
3.1104	-82.6617
3.1082	-82.662
3.1061	-82.6622
3.1039	-82.6624
3.1017	-82.6626
3.0995	-82.6628
3.0973	-82.663
3.0951	-82.6632
3.093	-82.6634
3.0908	-82.6636
3.0886	-82.6638
3.0864	-82.664
3.0842	-82.6642
3.082	-82.6644
3.0798	-82.6647
3.0777	-82.6649
3.0755	-82.6651
3.0733	-82.6653
3.0711	-82.6655
3.0689	-82.6657
3.0667	-82.6659
3.0645	-82.6661
3.0624	-82.6663
3.0602	-82.6665
3.058	-82.6667
3.0558	-82.6669
3.0536	-82.6671
3.0514	-82.6674
3.0492	-82.6676
3.0471	-82.6678
3.0449	-82.668
3.0427	-82.6682
3.0405	-82.6684
3.0383	-82.6686
3.0361	-82.6688
3.0339	-82.669
3.0318	-82.6692
3.0296	-82.6694
3.0274	-82.6696
3.0252	-82.6698
3.023	-82.67
3.0208	-82.6703
3.0186	-82.6705
3.0165	-82.6707
3.0143	-82.6709
3.0121	-82.6711
3.0099	-82.6713
3.0077	-82.6715
3.0055	-82.6717
3.0033	-82.6719
3.0012	-82.6721
2.999	-82.6723
2.9968	-82.6725
2.9946	-82.6727
2.9924	-82.673
2.9902	-82.6732
2.988	-82.6734
2.9859	-82.6736
2.9837	-82.6738
2.9815	-82.674
2.9793	-82.6742
2.9771	-82.6744
2.9749	-82.6746
2.9727	-82.6748
2.9706	-82.675
2.9684	-82.6752
2.9662	-82.6754
2.964	-82.6757
2.9618	-82.6759
2.9596	-82.6761
2.9574	-82.6763
2.9553	-82.6765
2.9531	-82.6767
2.9509	-82.6769
2.9487	-82.6771
2.9465	-82.6773
2.9443	-82.6775
2.9421	-82.6777
2.94	-82.6779
2.9378	-82.6781
2.9356	-82.6784
2.9334	-82.6786
2.9312	-82.6788
2.929	-82.679
2.9268	-82.6792
2.9247	-82.6794
2.9225	-82.6796
2.9203	-82.6798
2.9181	-82.68
2.9159	-82.6802
2.9137	-82.6804
2.9115	-82.6806
2.9094	-82.6808
2.9072	-82.6811
2.905	-82.6813
2.9028	-82.6815
2.9006	-82.6817
2.8984	-82.6819
2.8962	-82.6821
2.8941	-82.6823
2.8919	-82.6825
2.8897	-82.6827
2.8875	-82.6829
2.8853	-82.6831
2.8831	-82.6833
2.8809	-82.6835
2.8788	-82.6838
2.8766	-82.684
2.8744	-82.6842
2.8722	-82.6844
2.87	-82.6846
2.8678	-82.6848
2.8656	-82.685
2.8635	-82.6852
2.8613	-82.6854
2.8591	-82.6856
2.8569	-82.6858
2.8547	-82.686
2.8525	-82.6862
2.8503	-82.6864
2.8482	-82.6867
2.846	-82.6869
2.8438	-82.6871
2.8416	-82.6873
2.8394	-82.6875
2.8372	-82.6877
2.835	-82.6879
2.8329	-82.6881
2.8307	-82.6883
2.8285	-82.6885
2.8263	-82.6887
2.8241	-82.6889
2.8219	-82.6891
2.8197	-82.6894
2.8176	-82.6896
2.8154	-82.6898
2.8132	-82.69
2.811	-82.6902
2.8088	-82.6904
2.8066	-82.6906
2.8045	-82.6908
2.8023	-82.691
2.8001	-82.6912
2.7979	-82.6914
2.7957	-82.6916
2.7935	-82.6918
2.7913	-82.6921
2.7892	-82.6923
2.787	-82.6925
2.7848	-82.6927
2.7826	-82.6929
2.7804	-82.6931
2.7782	-82.6933
2.776	-82.6935
2.7739	-82.6937
2.7717	-82.6939
2.7695	-82.6941
2.7673	-82.6943
2.7651	-82.6945
2.7629	-82.6948
2.7607	-82.695
2.7586	-82.6952
2.7564	-82.6954
2.7542	-82.6956
2.752	-82.6958
2.7498	-82.696
2.7476	-82.6962
2.7454	-82.6964
2.7433	-82.6966
2.7411	-82.6968
2.7389	-82.697
2.7367	-82.6972
2.7345	-82.6974
2.7323	-82.6977
2.7301	-82.6979
2.728	-82.6981
2.7258	-82.6983
2.7236	-82.6985
2.7214	-82.6986
2.7192	-82.6986
2.717	-82.6987
2.7148	-82.6988
2.7126	-82.6988
2.7104	-82.6989
2.7082	-82.6989
2.706	-82.699
2.7038	-82.6991
2.7016	-82.6991
2.6994	-82.6992
2.6972	-82.6993
2.695	-82.6993
2.6929	-82.6994
2.6907	-82.6995
2.6885	-82.6995
2.6863	-82.6996
2.6841	-82.6997
2.6819	-82.6997
2.6797	-82.6998
2.6775	-82.6999
2.6753	-82.6999
2.6731	-82.7
2.6709	-82.7001
2.6687	-82.7001
2.6665	-82.7002
2.6643	-82.7003
2.6621	-82.7003
2.6599	-82.7004
2.6577	-82.7005
2.6555	-82.7005
2.6533	-82.7006
2.6511	-82.7007
2.649	-82.7007
2.6468	-82.7008
2.6446	-82.7009
2.6424	-82.7009
2.6402	-82.701
2.638	-82.7011
2.6358	-82.7011
2.6336	-82.7012
2.6314	-82.7013
2.6292	-82.7013
2.627	-82.7014
2.6248	-82.7015
2.6226	-82.7015
2.6204	-82.7016
2.6182	-82.7017
2.616	-82.7017
2.6138	-82.7018
2.6116	-82.7018
2.6094	-82.7019
2.6072	-82.702
2.6051	-82.702
2.6029	-82.7021
2.6007	-82.7022
2.5985	-82.7022
2.5963	-82.7023
2.5941	-82.7024
2.5919	-82.7024
2.5897	-82.7025
2.5875	-82.7026
2.5853	-82.7026
2.5831	-82.7027
2.5809	-82.7028
2.5787	-82.7028
2.5765	-82.7029
2.5743	-82.703
2.5721	-82.703
2.5699	-82.7031
2.5677	-82.7032
2.5655	-82.7032
2.5633	-82.7033
2.5612	-82.7034
2.559	-82.7034
2.5568	-82.7035
2.5546	-82.7036
2.5524	-82.7036
2.5502	-82.7037
2.548	-82.7038
2.5458	-82.7038
2.5436	-82.7039
2.5414	-82.704
2.5392	-82.704
2.537	-82.7041
2.5348	-82.7042
2.5326	-82.7042
2.5304	-82.7043
2.5282	-82.7044
2.526	-82.7044
2.5238	-82.7045
2.5216	-82.7046
2.5195	-82.7046
2.5173	-82.7047
2.5151	-82.7047
2.5129	-82.7048
2.5107	-82.7049
2.5085	-82.7049
2.5063	-82.705
2.5041	-82.7051
2.5019	-82.7052
2.4997	-82.7053
2.4975	-82.7053
2.4953	-82.7054
2.4931	-82.7055
2.4909	-82.7056
2.4887	-82.7057
2.4865	-82.7058
2.4843	-82.7059
2.4821	-82.7059
2.4799	-82.706
2.4777	-82.7061
2.4755	-82.7062
2.4733	-82.7063
2.4712	-82.7064
2.469	-82.7065
2.4668	-82.7065
2.4646	-82.7066
2.4624	-82.7067
2.4602	-82.7068
2.458	-82.7069
2.4558	-82.707
2.4536	-82.7071
2.4514	-82.7071
2.4492	-82.7072
2.447	-82.7073
2.4448	-82.7074
2.4426	-82.7075
2.4404	-82.7076
2.4382	-82.7077
2.436	-82.7077
2.4338	-82.7078
2.4316	-82.7079
2.4294	-82.708
2.4272	-82.7081
2.425	-82.7082
2.4228	-82.7083
2.4207	-82.7083
2.4185	-82.7084
2.4163	-82.7085
2.4141	-82.7086
2.4119	-82.7087
2.4097	-82.7088
2.4075	-82.7089
2.4053	-82.709
2.4031	-82.709
2.4009	-82.7091
2.3987	-82.7092
2.3965	-82.7093
2.3943	-82.7094
2.3921	-82.7095
2.3899	-82.7096
2.3877	-82.7096
2.3855	-82.7097
2.3833	-82.7098
2.3811	-82.7099
2.3789	-82.71
2.3767	-82.7101
2.3745	-82.7102
2.3723	-82.7102
2.3702	-82.7103
2.368	-82.7104
2.3658	-82.7105
2.3636	-82.7106
2.3614	-82.7107
2.3592	-82.7108
2.357	-82.7108
2.3548	-82.7109
2.3526	-82.711
2.3504	-82.7111
2.3482	-82.7112
2.346	-82.7113
2.3438	-82.7114
2.3416	-82.7114
2.3394	-82.7115
2.3372	-82.7116
2.335	-82.7117
2.3328	-82.7118
2.3306	-82.7119
2.3284	-82.712
2.3262	-82.712
2.324	-82.7121
2.3218	-82.7122
2.3197	-82.7123
2.3175	-82.7124
2.3153	-82.7125
2.3131	-82.7126
2.3109	-82.7126
2.3087	-82.7127
2.3065	-82.7128
2.3043	-82.7129
2.3021	-82.713
2.2999	-82.7131
2.2977	-82.7132
2.2955	-82.7133
2.2933	-82.7133
2.2911	-82.7134
2.2889	-82.7135
2.2867	-82.7136
2.2845	-82.7137
2.2823	-82.7138
2.2801	-82.7139
2.2779	-82.7139
2.2757	-82.714
2.2735	-82.7141
2.2713	-82.7142
2.2692	-82.7143
2.267	-82.7144
2.2648	-82.7145
2.2626	-82.7145
2.2604	-82.7146
2.2582	-82.7147
2.256	-82.7148
2.2538	-82.7149
2.2516	-82.715
2.2494	-82.7151
2.2472	-82.7151
2.245	-82.7152
2.2428	-82.7153
2.2406	-82.7154
2.2384	-82.7155
2.2362	-82.7156
2.234	-82.7157
2.2318	-82.7157
2.2296	-82.7158
2.2274	-82.7159
2.2252	-82.716
2.223	-82.7161
2.2208	-82.7162
2.2187	-82.7163
2.2165	-82.7163
2.2143	-82.7164
2.2121	-82.7165
2.2099	-82.7166
2.2077	-82.7167
2.2055	-82.7168
2.2033	-82.7169
2.2011	-82.717
2.1989	-82.717
2.1967	-82.7171
2.1945	-82.7172
2.1923	-82.7173
2.1901	-82.7174
2.1879	-82.7175
2.1857	-82.7176
2.1835	-82.7176
2.1813	-82.7177
2.1791	-82.7178
2.1769	-82.7179
2.1747	-82.718
2.1725	-82.7181
2.1703	-82.7182
2.1682	-82.7182
2.166	-82.7183
2.1638	-82.7184
2.1616	-82.7185
2.1594	-82.7186
2.1572	-82.7187
2.155	-82.7188
2.1528	-82.7188
2.1506	-82.7189
2.1484	-82.719
2.1462	-82.7191
2.144	-82.7192
2.1418	-82.7193
2.1396	-82.7194
2.1374	-82.7194
2.1352	-82.7195
2.133	-82.7196
2.1308	-82.7197
2.1286	-82.7198
2.1264	-82.7199
2.1242	-82.72
2.122	-82.72
2.1198	-82.7201
2.1177	-82.7202
2.1155	-82.7203
2.1133	-82.7204
2.1111	-82.7205
2.1089	-82.7206
2.1067	-82.7206
2.1045	-82.7207
2.1023	-82.7208
2.1001	-82.7209
2.0979	-82.721
2.0957	-82.7211
2.0935	-82.7212
2.0913	-82.7213
2.0891	-82.7213
2.0869	-82.7214
2.0847	-82.7215
2.0825	-82.7216
2.0803	-82.7217
2.0781	-82.7218
2.0759	-82.7219
2.0737	-82.7219
2.0715	-82.722
2.0693	-82.7221
2.0672	-82.7222
2.065	-82.7223
2.0628	-82.7224
2.0606	-82.7225
2.0584	-82.7225
2.0562	-82.7226
2.054	-82.7227
2.0518	-82.7228
2.0496	-82.7229
2.0474	-82.723
2.0452	-82.7231
2.043	-82.7231
2.0408	-82.7232
2.0386	-82.7233
2.0364	-82.7234
2.0342	-82.7235
2.032	-82.7236
2.0298	-82.7237
2.0276	-82.7237
2.0254	-82.7238
2.0232	-82.7239
2.021	-82.724
2.0188	-82.7241
2.0167	-82.7242
2.0145	-82.7243
2.0123	-82.7243
2.0101	-82.7244
2.0079	-82.7245
2.0057	-82.7246
2.0035	-82.7247
2.0013	-82.7248
1.9991	-82.7249
1.9969	-82.7249
1.9947	-82.725
1.9925	-82.7251
1.9903	-82.7252
1.9881	-82.7253
1.9859	-82.7254
1.9837	-82.7255
1.9815	-82.7256
1.9793	-82.7256
1.9771	-82.7257
1.9749	-82.7258
1.9727	-82.7259
1.9705	-82.726
1.9683	-82.7261
1.9662	-82.7262
1.964	-82.7262
1.9618	-82.7263
1.9596	-82.7264
1.9574	-82.7265
1.9552	-82.7266
1.953	-82.7267
1.9508	-82.7268
1.9486	-82.7268
1.9464	-82.7269
1.9442	-82.727
1.942	-82.7271
1.9398	-82.7272
1.9376	-82.7273
1.9354	-82.7274
1.9332	-82.7274
1.931	-82.7275
1.9288	-82.7276
1.9266	-82.7277
1.9244	-82.7278
1.9222	-82.7279
1.92	-82.728
1.9178	-82.728
1.9157	-82.7281
1.9135	-82.7282
1.9113	-82.7283
1.9091	-82.7284
1.9069	-82.7285
1.9047	-82.7286
1.9025	-82.7286
1.9003	-82.7287
1.8981	-82.7288
1.8959	-82.7289
1.8937	-82.729
1.8915	-82.7291
1.8893	-82.7292
1.8871	-82.7292
1.8849	-82.7292
1.8827	-82.7291
1.8805	-82.729
1.8783	-82.7289
1.8761	-82.7288
1.8739	-82.7288
1.8717	-82.7287
1.8695	-82.7286
1.8673	-82.7285
1.8651	-82.7284
1.863	-82.7284
1.8608	-82.7283
1.8586	-82.7282
1.8564	-82.7281
1.8542	-82.728
1.852	-82.728
1.8498	-82.7279
1.8476	-82.7278
1.8454	-82.7277
1.8432	-82.7276
1.841	-82.7276
1.8388	-82.7275
1.8366	-82.7274
1.8344	-82.7273
1.8322	-82.7272
1.83	-82.7272
1.8278	-82.7271
1.8256	-82.727
1.8234	-82.7269
1.8212	-82.7268
1.819	-82.7267
1.8168	-82.7267
1.8146	-82.7266
1.8124	-82.7265
1.8102	-82.7264
1.808	-82.7263
1.8058	-82.7263
1.8037	-82.7262
1.8015	-82.7261
1.7993	-82.726
1.7971	-82.7259
1.7949	-82.7259
1.7927	-82.7258
1.7905	-82.7257
1.7883	-82.7256
1.7861	-82.7255
1.7839	-82.7255
1.7817	-82.7254
1.7795	-82.7253
1.7773	-82.7252
1.7751	-82.7251
1.7729	-82.7251
1.7707	-82.725
1.7685	-82.7249
1.7663	-82.7248
1.7641	-82.7247
1.7619	-82.7247
1.7597	-82.7246
1.7575	-82.7245
1.7553	-82.7244
1.7531	-82.7243
1.7509	-82.7242
1.7487	-82.7242
1.7466	-82.7241
1.7444	-82.724
1.7422	-82.7239
1.74	-82.7238
1.7378	-82.7238
1.7356	-82.7237
1.7334	-82.7236
1.7312	-82.7235
1.729	-82.7234
1.7268	-82.7234
1.7246	-82.7233
1.7224	-82.7232
1.7202	-82.7231
1.718	-82.723
1.7158	-82.723
1.7136	-82.7229
1.7114	-82.7228
1.7092	-82.7227
1.707	-82.7226
1.7048	-82.7226
1.7026	-82.7225
1.7004	-82.7224
1.6982	-82.7223
1.696	-82.7222
1.6938	-82.7222
1.6916	-82.7221
1.6895	-82.722
