SITE	SOURCE_SITE	Long	Lat	E_rate	N_rate	H_rate	Error_E	Error_N	Error_H	RHO_EN	Covariance_EN	Velocity_Magnitude	Velocity_Azimuth_deg	Ellipse_Major_1sigma	Ellipse_Minor_1sigma	Ellipse_Azimuth_deg
AACR	AACR_G67	-84.11792	9.93885	-2.07	16.73	-0.38	0.35	0.28	1.08	-0.004	-0.00039200	16.858	352.95	0.3500	0.2800	90.51
ABEJ	ABEJ_GA2	-84.05405	9.70397	0.40	16.35	2.51	0.59	0.46	2.05	-0.008	-0.00217120	16.355	1.40	0.5900	0.4600	90.91
ABMF	ABMF_340	-61.52754	16.26230	0.03	1.21	0.05	0.03	0.02	0.10	-0.050	-0.00003000	1.210	1.42	0.0300	0.0200	93.42
ACHO	ACHO_GPS	-80.17311	7.41473	10.90	11.94	4.17	0.16	0.12	0.56	-0.076	-0.00145920	16.167	42.39	0.1606	0.1192	97.30
ACP1	ACP1_G16	-79.94986	9.37139	2.30	7.83	0.07	0.04	0.03	0.15	0.020	0.00002400	8.161	16.37	0.0400	0.0300	88.04
ACP6	ACP6_2PS	-79.40782	9.23848	2.77	8.09	1.37	0.05	0.04	0.17	0.005	0.00001000	8.551	18.90	0.0500	0.0400	89.36
AMC2	AMC2_5PS	-104.52460	38.80313	-10.60	3.95	0.26	0.04	0.04	0.14	-0.088	-0.00014080	11.312	290.44	0.0417	0.0382	135.00
AMC4	AMC4_GPS	-104.52460	38.80313	-10.60	3.95	0.26	0.04	0.04	0.14	-0.088	-0.00014080	11.312	290.44	0.0417	0.0382	135.00
ANGO	ANGO_G67	-83.64323	9.88044	1.27	15.38	-0.89	0.29	0.22	1.01	0.002	0.00012760	15.432	4.72	0.2900	0.2200	89.80
APRK	APRK_G71	-84.73585	10.46020	2.21	10.56	-0.27	3.51	2.85	12.80	0.087	0.87030450	10.789	11.82	3.5346	2.8194	78.74
ARE3	ARE3_271	-84.71318	10.46271	-11.72	3.19	1.99	2.48	1.79	9.08	0.105	0.46611600	12.146	285.23	2.4945	1.7698	81.22
AREQ	AREQ_878	-71.49280	-16.46552	-16.64	4.63	-1.08	707.11	707.11	707.11	0.000	0.00000000	17.272	285.55	707.1100	707.1100	0.00
AROL	AROL_371	-84.70920	10.43719	0.99	15.86	11.05	0.14	0.11	0.52	0.025	0.00038500	15.891	3.57	0.1401	0.1099	87.07
ARWA	ARWA_G71	-84.72090	10.46192	-11.72	3.18	1.99	2.48	1.79	9.08	0.105	0.46611600	12.144	285.18	2.4945	1.7698	81.22
AURI	AURI_G71	-84.70032	10.48218	0.01	-0.26	0.05	976.34	976.34	976.34	0.000	0.00000000	0.260	177.80	976.3400	976.3400	0.00
AZUE	AZUE_GPS	-80.43252	7.95569	4.69	7.35	0.11	0.50	0.37	1.70	-0.033	-0.00610500	8.719	32.54	0.5003	0.3696	93.08
BATA	BATA_267	-83.37604	10.09774	1.68	8.22	-5.41	0.06	0.05	0.23	-0.019	-0.00005700	8.390	11.55	0.0600	0.0500	92.96
BIJA	BIJA_G71	-84.57687	9.74998	-1.47	14.55	-0.14	0.06	0.05	0.23	0.055	0.00016500	14.624	354.23	0.0602	0.0498	81.65
BOAV	BOAV_GPS	-60.70112	2.84518	-23.50	-3.03	-0.94	0.05	0.04	0.17	-0.037	-0.00007400	23.695	262.65	0.0501	0.0399	94.67
BOGT	BOGT_9PS	-74.08094	4.64007	-17.81	7.14	-14.74	0.03	0.03	0.11	-0.096	-0.00008640	19.188	291.85	0.0314	0.0285	135.00
BON2	BON2_271	-85.20251	9.76453	0.20	24.32	-9.01	0.06	0.05	0.22	0.015	0.00004500	24.321	0.47	0.0600	0.0500	87.66
BRBR	BRBR_G67	-82.81794	9.62002	2.89	9.45	-5.47	0.92	0.74	3.55	0.196	0.13343680	9.882	17.00	0.9473	0.7048	69.12
BRMU	BRMU_3PS	-64.69628	32.37040	-12.54	-3.13	-1.15	0.04	0.04	0.14	0.099	0.00015840	12.925	255.99	0.0419	0.0380	45.00
BUAI	BUAI_G67	-83.32391	9.16307	7.26	20.84	-0.82	0.38	0.29	1.19	-0.010	-0.00110200	22.068	19.21	0.3800	0.2900	91.05
CABA	CABA_G75	-85.34354	10.23787	-1.12	20.28	4.89	0.03	0.02	0.10	0.096	0.00005760	20.311	356.84	0.0301	0.0198	83.51
CAPO	CAPO_G67	-83.72692	10.37060	2.00	5.29	2.14	2.59	1.91	9.83	-0.147	-0.72719430	5.655	20.71	2.6215	1.8666	102.71
CCOL	CCOL_G89	-82.97342	8.40746	7.95	25.56	2.37	0.17	0.13	0.58	-0.006	-0.00013260	26.768	17.28	0.1700	0.1300	90.63
CDME	CDME_367	-83.76368	9.55373	4.50	19.01	0.64	0.05	0.04	0.17	0.034	0.00006800	19.535	13.32	0.0501	0.0399	85.70
CDTO	CDTO_286	-82.87267	8.57324	5.39	16.76	-0.50	0.13	0.10	0.44	0.010	0.00013000	17.605	17.83	0.1300	0.1000	88.92
CGUI	CGUI_G84	-87.55875	12.97631	-12.07	10.91	-1.28	1.11	0.90	4.22	-0.155	-0.15484500	16.270	312.11	1.1326	0.8714	108.13
CHEP	CHEP_GPS	-79.10449	9.17056	1.62	7.32	0.22	0.38	0.30	1.37	-0.011	-0.00125400	7.497	12.48	0.3800	0.3000	91.32
CHLS	CHLS_G67	-84.71006	11.03131	2.27	5.88	-0.20	0.24	0.19	0.84	0.023	0.00104880	6.303	21.11	0.2401	0.1899	87.21
CHOM	CHOM_GA2	-84.90786	10.04423	-0.90	16.50	0.76	0.30	0.23	1.03	-0.013	-0.00089700	16.525	356.88	0.3000	0.2300	91.38
CIQE	CIQE_G67	-84.43089	10.32259	-0.46	11.09	0.91	0.32	0.25	1.07	-0.014	-0.00112000	11.100	357.62	0.3200	0.2499	91.61
CN20	CN20_G67	-82.25627	9.35168	2.02	7.20	-1.23	0.05	0.04	0.20	0.017	0.00003400	7.478	15.67	0.0500	0.0400	87.84
CN22	CN22_283	-87.04469	12.38409	-7.67	15.14	-3.89	0.64	0.50	2.26	-0.002	-0.00064000	16.972	333.13	0.6400	0.5000	90.23
CN28	CN28_GPS	-79.03372	8.62506	3.78	9.27	-0.36	0.04	0.03	0.13	0.042	0.00005040	10.011	22.18	0.0400	0.0299	85.90
CN29	CN29_267	-83.37464	14.04880	0.14	6.14	-2.19	0.32	0.25	1.38	-0.046	-0.00368000	6.142	1.31	0.3205	0.2493	95.23
CN33	CN33_2PS	-80.32667	8.48724	5.27	9.78	-0.33	0.25	0.21	1.07	-0.013	-0.00068250	11.110	28.32	0.2501	0.2099	92.12
CN35	CN35_GPS	-81.36292	13.37550	-2.57	5.63	8.47	0.05	0.04	0.18	0.025	0.00005000	6.189	335.46	0.0500	0.0400	86.83
CNG2	CNG2_383	-86.69934	12.50118	-6.86	12.47	183.07	0.41	0.30	1.67	-0.093	-0.01143900	14.232	331.18	0.4120	0.2973	98.16
CNKC	CNKC_G67	-82.97819	9.59211	14.60	12.33	-16.93	0.16	0.14	0.74	-0.082	-0.00183680	19.110	49.82	0.1616	0.1381	105.74
COBB	COBB_G71	-85.10694	9.68813	-3.36	20.79	-6.49	0.24	0.18	0.89	-0.018	-0.00077760	21.060	350.82	0.2400	0.1799	91.77
COBN	COBN_GA2	-85.12659	9.70765	-1.15	23.42	-7.14	0.41	0.32	1.43	-0.011	-0.00144320	23.448	357.19	0.4100	0.3200	91.26
COLI	COLI_GA2	-84.09003	9.95223	-1.78	14.88	-1.63	0.62	0.49	2.16	-0.014	-0.00425320	14.986	353.18	0.6201	0.4899	91.69
COVE	COVE_267	-84.40188	10.71944	-0.19	7.36	0.11	0.03	0.03	0.11	0.081	0.00007290	7.362	358.52	0.0312	0.0288	45.00
CRCP	CRCP_G67	-84.12502	9.95088	0.75	12.47	8.44	0.73	0.57	2.52	0.005	0.00208050	12.493	3.44	0.7300	0.5700	89.43
CRLP	CRLP_G67	-84.12502	9.95089	0.75	12.47	8.44	0.73	0.57	2.52	0.005	0.00208050	12.493	3.44	0.7300	0.5700	89.43
CRO1	CRO1_9PS	-64.58432	17.75690	-1.01	0.04	-1.48	0.03	0.03	0.12	0.003	0.00000270	1.011	272.27	0.0300	0.0300	45.00
CRU2	CRU2_G83	-85.63345	11.05402	-6.90	14.45	1.96	0.06	0.05	0.21	0.014	0.00004200	16.013	334.48	0.0600	0.0500	87.82
CRUC	CRUC_GA1	-83.14767	8.88846	8.62	21.31	-1.52	0.12	0.10	0.44	0.031	0.00037200	22.987	22.02	0.1201	0.0998	85.20
CRUZ	CRUZ_G83	-85.63349	11.05400	-6.90	14.45	1.96	0.06	0.05	0.21	0.014	0.00004200	16.013	334.48	0.0600	0.0500	87.82
CTCR	CTCR_G86	-82.76403	8.89060	4.10	12.99	1.58	0.07	0.06	0.30	-0.087	-0.00036540	13.622	17.52	0.0707	0.0592	104.67
DAVI	DAVI_G86	-82.43380	8.42547	5.07	10.63	1.45	1.19	0.95	4.33	-0.070	-0.07913500	11.777	25.50	1.1950	0.9437	98.56
DMCL	DMCL_GA2	-83.83549	9.28473	7.12	12.35	1.50	2.76	2.20	11.93	0.022	0.13358400	14.255	29.96	2.7612	2.1985	87.25
DUNO	DUNO_275	-85.49371	10.07903	-4.84	17.31	-6.63	0.20	0.16	0.74	-0.000	-0.00000000	17.974	344.38	0.2000	0.1600	90.00
EART	EART_G67	-83.59431	10.21264	1.14	8.87	-1.94	0.13	0.11	0.47	-0.032	-0.00045760	8.943	7.32	0.1302	0.1098	95.40
ELMA	ELMA_G95	-86.67475	12.46584	-6.01	9.65	-8.42	0.25	0.20	0.94	0.036	0.00180000	11.368	328.09	0.2503	0.1996	85.45
ELVI	ELVI_271	-85.44581	10.39470	-4.11	19.54	5.03	0.04	0.03	0.13	0.060	0.00007200	19.968	348.12	0.0401	0.0299	84.19
EPZA	EPZA_275	-85.56807	10.14094	-2.04	21.02	-4.04	0.04	0.03	0.13	0.026	0.00003120	21.119	354.46	0.0400	0.0300	87.45
ETCG	ETCG_267	-84.10590	9.99949	-2.39	15.98	-1.66	0.19	0.15	0.66	-0.007	-0.00019950	16.158	351.49	0.1900	0.1500	90.84
FINA	FINA_G71	-85.20828	10.43379	-8.68	20.38	-5.76	2.56	1.93	8.81	-0.007	-0.03458560	22.151	336.93	2.5601	1.9299	90.70
GAMB	GAMB_GPS	-134.96484	-23.13035	-94.82	55.84	-1.84	0.79	0.63	1.83	0.176	0.08759520	110.041	300.49	0.8087	0.6058	71.18
GIBE	GIBE_267	-83.73874	10.03795	-0.19	10.87	3.45	0.54	0.49	2.27	-0.052	-0.01375920	10.872	359.00	0.5432	0.4865	104.06
GLPS	GLPS_4PS	-90.30367	-0.74300	28.95	11.93	-0.63	0.03	0.03	0.10	0.295	0.00026550	31.312	67.60	0.0341	0.0252	45.00
GRZA	GRZA_G71	-85.63562	9.91552	5.88	26.17	-9.20	0.03	0.03	0.10	0.094	0.00008460	26.822	12.66	0.0314	0.0286	45.00
GTCR	GTCR_GB1	-84.05120	9.93944	-8.05	16.31	-1.44	0.42	0.33	1.43	0.002	0.00027720	18.188	333.73	0.4200	0.3300	89.76
GUAT	GUAT_573	-90.52018	14.59040	-7.58	4.91	0.57	0.09	0.07	0.32	-0.001	-0.00000630	9.031	302.93	0.0900	0.0700	90.11
HATI	HATI_371	-85.71006	10.29220	-7.25	13.61	-3.06	0.08	0.07	0.39	0.008	0.00004480	15.421	331.96	0.0800	0.0700	88.29
HERH	HERH_G83	-86.83101	12.60931	4.78	12.87	-4.56	0.86	0.67	3.05	0.003	0.00172860	13.729	20.38	0.8600	0.6700	89.66
HORI	HORI_280	-85.59540	10.71368	-6.62	16.62	1.82	0.05	0.04	0.17	0.046	0.00009200	17.890	338.28	0.0501	0.0399	84.22
HOYN	HOYN_G83	-86.82811	12.59873	3.67	10.25	95.54	4.34	4.02	23.53	-0.017	-0.29659560	10.887	19.70	4.3437	4.0160	96.25
HUA2	HUA2_475	-85.35170	10.01773	0.07	21.42	-4.09	0.04	0.03	0.12	0.062	0.00007440	21.420	0.19	0.0401	0.0299	84.00
IGN1	IGN1_GPS	-79.53576	8.98489	2.12	7.53	0.00	0.27	0.21	0.95	-0.001	-0.00005670	7.823	15.72	0.2700	0.2100	90.11
IND1	IND1_271	-85.50220	9.86463	2.74	29.66	-12.26	0.04	0.04	0.18	0.064	0.00010240	29.786	5.28	0.0413	0.0387	45.00
INEG	INEG_413	-102.28421	21.85615	-19.00	10.54	-62.07	0.07	0.06	0.25	-0.050	-0.00021000	21.728	299.02	0.0702	0.0597	98.95
IRZU	IRZU_367	-83.89755	9.96686	2.34	13.88	-1.85	0.12	0.10	0.43	-0.096	-0.00115200	14.076	9.57	0.1212	0.0986	103.82
ISCO	ISCO_2PS	-87.05583	5.54435	33.31	74.41	-4.60	0.10	0.07	0.42	0.091	0.00063700	81.525	24.12	0.1004	0.0694	82.99
ISPA	ISPA_254	-109.34440	-27.12498	34.38	8.92	3.53	0.20	0.18	0.64	0.005	0.00018000	35.518	75.46	0.2000	0.1800	88.64
JACO	JACO_G71	-84.65948	9.66244	-1.21	15.53	0.23	0.11	0.08	0.41	0.131	0.00115280	15.577	355.54	0.1110	0.0786	78.99
JCFI	JCFI_G83	-86.82827	12.68375	-5.86	14.42	-3.96	0.89	0.69	3.18	-0.001	-0.00061410	15.565	337.88	0.8900	0.6900	90.11
JPLM	JPLM_6PS	-118.17323	34.20483	-37.75	30.51	0.00	0.05	0.05	0.15	-0.017	-0.00004250	48.538	308.95	0.0504	0.0496	135.00
KIOS	KIOS_G95	-86.70171	12.49432	-6.86	12.47	183.07	0.41	0.30	1.67	-0.093	-0.01143900	14.232	331.18	0.4120	0.2973	98.16
KOUG	KOUG_2PS	-52.63975	5.09847	-22.47	-6.18	-0.36	0.03	0.02	0.09	0.027	0.00001620	23.304	254.62	0.0300	0.0200	88.15
KOUR	KOUR_8PS	-52.80596	5.25218	-22.33	-6.14	-0.95	0.05	0.04	0.15	-0.045	-0.00009000	23.159	254.63	0.0501	0.0399	95.65
LACR	LACR_G83	-85.63612	11.07750	-6.67	14.42	0.63	0.32	0.25	1.12	-0.030	-0.00240000	15.888	335.18	0.3202	0.2497	93.43
LAFE	LAFE_G71	-84.96028	9.80706	-0.40	18.52	-1.09	0.06	0.05	0.24	-0.029	-0.00008700	18.524	358.76	0.0601	0.0499	94.49
LBRA	LBRA_G71	-85.43798	10.63096	-6.41	15.05	1.66	0.25	0.19	0.87	0.004	0.00019000	16.358	336.93	0.2500	0.1900	89.59
LCFN	LCFN_G67	-84.71530	11.03072	2.27	5.88	-0.20	0.24	0.19	0.84	0.023	0.00104880	6.303	21.11	0.2401	0.1899	87.21
LCRZ	LCRZ_G83	-85.62998	11.07860	-6.67	14.42	0.63	0.32	0.25	1.12	-0.030	-0.00240000	15.888	335.18	0.3202	0.2497	93.43
LEME	LEME_G83	-86.90948	12.42743	-9.36	11.77	0.50	0.19	0.15	0.60	-0.012	-0.00034200	15.038	321.51	0.1900	0.1500	91.44
LEPA	LEPA_471	-85.03120	9.94537	0.24	19.03	0.66	0.04	0.03	0.12	0.063	0.00007560	19.032	0.72	0.0401	0.0299	83.91
LIBE	LIBE_G71	-85.43788	10.63061	-6.41	15.05	1.66	0.25	0.19	0.87	0.004	0.00019000	16.358	336.93	0.2500	0.1900	89.59
LIMN	LIMN_G67	-83.02637	9.99309	3.51	8.65	-3.13	0.24	0.18	0.84	-0.019	-0.00082080	9.335	22.09	0.2401	0.1799	91.86
LIVP	LIVP_G67	-83.12579	9.99166	-1.05	8.59	-5.41	0.90	0.73	3.26	-0.016	-0.01051200	8.654	353.03	0.9002	0.7297	92.17
LMMF	LMMF_340	-60.99618	14.59482	0.39	0.71	-0.79	0.03	0.02	0.09	-0.066	-0.00003960	0.810	28.78	0.0301	0.0199	94.50
LMNL	LMNL_G82	-85.05333	10.26751	-0.84	17.41	2.06	0.04	0.03	0.13	0.031	0.00003720	17.430	357.24	0.0400	0.0300	86.97
LOL2	LOL2_G71	-84.71368	10.49009	2.40	10.35	-1.95	0.17	0.13	0.59	-0.022	-0.00048620	10.625	13.06	0.1701	0.1299	92.32
LOLA	LOLA_G71	-84.71368	10.49009	2.40	10.35	-1.95	0.17	0.13	0.59	-0.022	-0.00048620	10.625	13.06	0.1701	0.1299	92.32
MANA	MANA_583	-86.24899	12.14894	-3.56	10.81	-2.00	0.07	0.06	0.25	0.007	0.00002940	11.381	341.77	0.0700	0.0600	88.71
MDO1	MDO1_5PS	-104.01500	30.68051	-14.18	3.87	-0.62	0.10	0.09	0.38	-0.052	-0.00046800	14.699	285.27	0.1005	0.0894	103.11
MOM0	MOM0_G83	-86.54089	12.40609	-6.31	7.79	-1.92	0.23	0.21	1.19	-0.023	-0.00111090	10.025	320.99	0.2303	0.2097	97.08
MUEL	MUEL_G67	-84.46367	10.47483	2.33	3.92	-1.22	0.14	0.11	0.50	0.010	0.00015400	4.560	30.73	0.1400	0.1100	88.82
NEIL	NEIL_G86	-82.94439	8.64436	8.89	21.85	-0.79	0.35	0.28	1.25	-0.013	-0.00127400	23.589	22.14	0.3501	0.2799	91.65
NI01	NI01_G99	-85.45033	10.15343	0.58	22.05	0.65	0.38	0.30	1.31	-0.013	-0.00148200	22.058	1.51	0.3801	0.2999	91.56
NICY	NICY_G75	-85.45455	10.14246	-3.07	19.83	1.73	0.23	0.17	0.78	-0.031	-0.00121210	20.066	351.20	0.2301	0.1698	92.88
NYCO	NYCO_G75	-85.45501	10.14401	-3.07	19.83	1.73	0.23	0.17	0.78	-0.031	-0.00121210	20.066	351.20	0.2301	0.1698	92.88
OCHA	OCHA_G67	-83.64562	9.09751	9.38	25.60	-0.39	0.10	0.08	0.43	-0.011	-0.00008800	27.264	20.12	0.1000	0.0800	91.40
OROT	OROT_GA2	-84.52367	9.91067	-0.33	12.09	0.65	0.98	0.77	2.64	-0.006	-0.00452760	12.095	358.44	0.9800	0.7700	90.71
ORTE	ORTE_G71	-85.45904	10.36223	-5.45	17.34	6.37	0.24	0.18	0.84	-0.036	-0.00155520	18.176	342.55	0.2402	0.1797	93.52
OVSI	OVSI_G67	-84.11131	10.00184	-2.39	15.98	-1.66	0.19	0.15	0.66	-0.007	-0.00019950	16.158	351.49	0.1900	0.1500	90.84
PAND	PAND_G67	-82.97695	9.73504	2.70	7.03	-4.23	0.42	0.33	1.65	-0.079	-0.01094940	7.531	21.01	0.4221	0.3274	98.99
PAVO	PAVO_GA1	-83.14248	8.37137	2.84	23.27	-7.65	0.52	0.45	2.27	-0.016	-0.00374400	23.443	6.96	0.5202	0.4498	93.15
PBUR	PBUR_GA6	-82.90881	8.07435	6.33	22.05	5.55	0.21	0.18	0.78	-0.014	-0.00052920	22.941	16.02	0.2101	0.1799	92.58
PEZE	PEZE_G67	-83.67749	9.38265	6.42	21.38	0.70	0.04	0.04	0.16	-0.009	-0.00001440	22.323	16.71	0.0402	0.0398	135.00
PEZN	PEZN_GA2	-83.68007	9.36667	5.86	20.26	0.44	0.38	0.30	1.33	-0.010	-0.00114000	21.090	16.13	0.3800	0.3000	91.20
PIE1	PIE1_3PS	-108.11893	34.30151	-12.80	5.82	-0.41	0.04	0.03	0.12	-0.094	-0.00011280	14.061	294.45	0.0402	0.0297	98.93
PIRO	PIRO_G86	-83.33659	8.40412	7.05	25.44	-2.55	0.16	0.12	0.60	-0.149	-0.00286080	26.399	15.49	0.1621	0.1171	103.53
PJIM	PJIM_G86	-83.30822	8.50110	11.42	31.34	-3.09	0.35	0.28	1.30	-0.118	-0.01156400	33.356	20.02	0.3540	0.2749	103.84
PJMZ	PJMZ_GB1	-83.31352	8.53722	8.81	30.43	-6.91	0.73	0.57	2.48	0.001	0.00041610	31.680	16.15	0.7300	0.5700	89.89
PLAN	PLAN_G67	-83.68045	8.67197	10.56	30.52	-7.32	0.07	0.05	0.23	0.004	0.00001400	32.295	19.09	0.0700	0.0500	89.67
PMEC	PMEC_GPS	-80.32874	8.48827	5.28	9.78	-0.33	0.25	0.21	1.07	-0.013	-0.00068250	11.114	28.36	0.2501	0.2099	92.12
PN01	PN01_G67	-83.44809	8.96272	7.11	24.82	-0.58	0.36	0.29	1.20	0.020	0.00208800	25.818	15.99	0.3601	0.2898	87.38
PNBC	PNBC_G86	-83.14075	8.36886	2.84	23.27	-7.65	0.52	0.45	2.27	-0.016	-0.00374400	23.443	6.96	0.5202	0.4498	93.15
PNE2	PNE2_271	-85.82871	10.19516	-1.48	15.88	-5.04	0.05	0.04	0.19	-0.029	-0.00005800	15.949	354.68	0.0500	0.0400	93.67
PNPB	PNPB_G86	-83.22777	8.68521	7.39	23.91	-8.65	0.29	0.25	1.30	-0.121	-0.00877250	25.026	17.18	0.2953	0.2437	109.54
POLS	POLS_G94	-86.81292	12.64932	-0.07	-0.05	-0.06	980.71	980.71	980.71	-0.000	-0.00000000	0.086	234.46	980.7100	980.7100	0.00
POTG	POTG_G67	-83.11888	9.05250	5.75	18.69	-1.57	0.10	0.07	0.35	0.086	0.00060200	19.555	17.10	0.1003	0.0695	83.36
PROG	PROG_G80	-85.23739	10.98680	-2.25	11.57	0.50	0.35	0.26	1.25	0.042	0.00382200	11.787	349.00	0.3504	0.2595	86.04
PTJI	PTJI_G86	-83.30725	8.53840	8.81	30.43	-6.91	0.73	0.57	2.48	0.001	0.00041610	31.680	16.15	0.7300	0.5700	89.89
PTPA	PTPA_G67	-82.14437	8.93801	5.47	10.80	-0.59	0.13	0.13	0.69	-0.039	-0.00065910	12.106	26.86	0.1325	0.1274	135.00
PTPP	PTPP_G86	-82.87904	8.20434	19.19	23.30	5.06	0.18	0.16	0.70	-0.213	-0.00613440	30.185	39.48	0.1898	0.1483	120.50
PUJE	PUJE_471	-85.27248	10.11398	-0.14	19.78	2.16	0.03	0.02	0.09	0.114	0.00006840	19.780	359.59	0.0302	0.0198	82.35
PUMO	PUMO_371	-84.96672	10.06450	0.13	17.63	2.06	0.04	0.03	0.13	0.032	0.00003840	17.630	0.42	0.0400	0.0300	86.87
PUNT	PUNT_G71	-84.83214	9.97988	-0.38	15.42	0.20	0.25	0.20	0.86	-0.008	-0.00040000	15.425	358.59	0.2500	0.2000	91.02
QPSB	QPSB_GA2	-84.12387	9.39193	1.70	19.30	-0.03	0.09	0.07	0.33	0.063	0.00039690	19.375	5.03	0.0903	0.0697	83.03
QSEC	QSEC_271	-85.35727	9.84038	-0.76	22.87	-8.96	0.05	0.04	0.17	0.033	0.00006600	22.883	358.10	0.0500	0.0399	85.83
QUEN	QUEN_G94	-86.85189	12.59179	-6.75	17.84	31.05	12.97	10.59	51.31	0.040	5.49409200	19.074	339.28	12.9905	10.5648	84.46
QUEP	QUEP_GA2	-84.15815	9.43240	3.89	18.91	0.42	0.48	0.37	1.72	0.018	0.00319680	19.306	11.62	0.4801	0.3699	88.04
QUEQ	QUEQ_GA2	-84.16831	9.42458	4.36	19.38	1.29	1.96	1.68	7.49	-0.055	-0.18110400	19.864	12.68	1.9679	1.6707	99.78
QUI3	QUI3_3A9	-78.46728	-0.13958	-20.06	5.11	-1.20	0.04	0.04	0.13	-0.045	-0.00007200	20.701	284.29	0.0409	0.0391	135.00
QUI4	QUI4_255	-78.46728	-0.13958	-20.06	5.11	-1.20	0.04	0.04	0.13	-0.045	-0.00007200	20.701	284.29	0.0409	0.0391	135.00
RC01	RC01_G86	-83.07052	8.68765	11.49	23.78	-2.38	1.09	0.84	3.94	-0.103	-0.09430680	26.410	25.79	1.0981	0.8294	100.68
RDSD	RDSD_GPS	-69.91132	18.46140	-1.87	-1.79	-0.59	0.02	0.02	0.08	0.027	0.00001080	2.589	226.25	0.0203	0.0197	45.00
REVE	REVE_G67	-83.57135	10.07528	2.49	10.45	-1.46	0.40	0.31	1.39	-0.058	-0.00719200	10.743	13.40	0.4010	0.3087	96.34
RIDC	RIDC_G67	-84.04907	9.91969	-1.90	15.64	0.43	0.08	0.07	0.30	-0.004	-0.00002240	15.755	353.07	0.0800	0.0700	90.86
RIFO	RIFO_267	-83.92265	10.31729	1.11	8.04	-1.56	0.05	0.04	0.16	0.028	0.00005600	8.116	7.86	0.0500	0.0400	86.45
RIMA	RIMA_G67	-83.86350	9.76655	1.66	13.80	-12.48	1.08	1.00	7.64	0.012	0.01296000	13.899	6.86	1.0805	0.9995	85.57
RIOP	RIOP_555	-78.65111	-1.65060	-19.08	7.19	0.30	0.09	0.08	0.32	-0.047	-0.00033840	20.390	290.65	0.0904	0.0796	100.85
RIOS	RIOS_267	-83.51435	8.70050	10.31	27.47	-11.21	0.10	0.09	0.43	0.187	0.00168300	29.341	20.57	0.1048	0.0844	59.72
RSNO	RSNO_G86	-82.86262	8.81822	4.58	14.99	0.33	0.71	0.54	2.26	-0.029	-0.01111860	15.674	16.99	0.7104	0.5395	92.99
SAGE	SAGE_G67	-83.70426	9.37314	7.40	22.16	0.50	0.28	0.22	0.90	-0.012	-0.00073920	23.363	18.47	0.2800	0.2200	91.41
SAJU	SAJU_G71	-85.71056	10.06712	1.66	20.81	-7.73	0.05	0.04	0.16	0.064	0.00012800	20.876	4.56	0.0502	0.0398	82.06
SALU	SALU_GPS	-44.21248	-2.59346	-26.53	-10.70	5.18	0.22	0.18	0.80	-0.081	-0.00320760	28.606	248.03	0.2214	0.1783	100.92
SAN0	SAN0_G67	-81.71572	12.58045	0.02	4.98	0.74	0.09	0.07	0.32	0.002	0.00001260	4.980	0.23	0.0900	0.0700	89.77
SCUB	SCUB_5PS	-75.76232	20.01206	-12.39	-2.69	-0.44	0.03	0.02	0.10	0.045	0.00002700	12.679	257.75	0.0300	0.0200	86.92
SCW2	SCW2_G83	-87.02089	12.69657	-6.33	9.68	-2.93	0.23	0.19	0.78	0.075	0.00327750	11.566	326.82	0.2313	0.1884	79.34
SGDO	SGDO_G71	-84.76068	10.47583	0.35	10.73	0.64	0.20	0.16	0.74	0.060	0.00192000	10.736	1.87	0.2006	0.1592	82.53
SIRE	SIRE_GB1	-83.58960	8.48042	18.66	52.05	-17.82	1.29	0.94	4.48	-0.202	-0.24494520	55.294	19.72	1.3170	0.9017	106.06
SJUP	SJUP_G71	-85.12712	10.91976	-2.06	9.70	2.37	0.13	0.11	0.50	0.066	0.00094380	9.916	348.01	0.1307	0.1092	79.27
SRBA	SRBA_G67	-83.36005	9.23214	6.85	20.44	-0.64	0.06	0.05	0.24	0.093	0.00027900	21.557	18.53	0.0606	0.0493	76.55
SSIA	SSIA_683	-89.11660	13.69709	-7.07	6.01	-0.92	0.04	0.03	0.14	0.038	0.00004560	9.279	310.37	0.0400	0.0300	86.29
TELN	TELN_G83	-86.83481	12.60641	4.78	12.87	-4.56	0.86	0.67	3.05	0.003	0.00172860	13.729	20.38	0.8600	0.6700	89.66
TENO	TENO_G71	-85.09832	10.60179	-3.48	16.87	3.84	0.56	0.45	1.68	-0.018	-0.00453600	17.225	348.34	0.5602	0.4498	92.33
TGPM	TGPM_G67	-82.25772	9.35087	2.02	7.20	-1.23	0.05	0.04	0.20	0.017	0.00003400	7.478	15.67	0.0500	0.0400	87.84
TIGB	TIGB_G67	-83.29691	9.02845	7.85	22.24	-0.32	0.07	0.06	0.25	0.007	0.00002940	23.585	19.44	0.0700	0.0600	88.71
TILA	TILA_G71	-84.97771	10.47998	-2.66	15.48	1.09	0.16	0.13	0.58	0.014	0.00029120	15.707	350.25	0.1600	0.1300	88.09
TOAL	TOAL_GA1	-82.98837	8.78673	6.85	18.65	-0.35	0.10	0.08	0.34	-0.012	-0.00009600	19.868	20.17	0.1000	0.0800	91.53
TROA	TROA_G71	-84.92110	10.50180	-0.61	13.11	0.16	0.14	0.13	0.57	-0.074	-0.00134680	13.124	357.34	0.1420	0.1278	112.47
UCRI	UCRI_G67	-84.05196	9.93618	-8.05	16.32	-1.44	0.42	0.33	1.43	0.002	0.00027720	18.197	333.74	0.4200	0.3300	89.76
VEAC	VEAC_GA5	-85.03385	10.63150	-3.62	16.92	2.20	0.15	0.12	0.55	0.029	0.00052200	17.303	347.92	0.1501	0.1199	86.33
VEPN	VEPN_GA5	-84.98615	10.71546	0.26	12.94	0.14	0.33	0.26	1.16	0.013	0.00111540	12.943	1.15	0.3300	0.2599	88.45
VERA	VERA_367	-84.86904	10.85362	-0.90	7.91	1.04	0.05	0.04	0.17	0.111	0.00022200	7.961	353.51	0.0505	0.0393	76.87
VI17	VI17_G67	-83.84516	9.98436	-2.35	15.94	17.23	1.75	1.35	6.28	0.001	0.00236250	16.112	351.61	1.7500	1.3500	89.89
VI65	VI65_G67	-83.86055	9.97320	2.27	16.23	-8.93	0.11	0.08	0.37	-0.002	-0.00001760	16.388	7.96	0.1100	0.0800	90.18
VIBU	VIBU_167	-83.85372	9.97654	2.27	16.24	-8.93	0.11	0.08	0.37	-0.002	-0.00001760	16.398	7.96	0.1100	0.0800	90.18
VICI	VICI_G96	-83.79675	9.96387	-0.71	15.86	-6.22	0.09	0.07	0.29	-0.061	-0.00038430	15.876	357.44	0.0903	0.0697	96.75
VIPI	VIPI_G67	-83.84305	9.97963	-2.35	15.93	17.23	1.75	1.35	6.28	0.001	0.00236250	16.102	351.61	1.7500	1.3500	89.89
VISG	VISG_G67	-83.84161	10.00562	2.38	9.71	-7.50	0.13	0.11	0.48	0.059	0.00084370	9.997	13.77	0.1306	0.1093	80.32
VISP	VISP_G67	-83.83507	9.94156	1.71	19.18	-5.84	0.10	0.08	0.34	-0.079	-0.00063200	19.256	5.09	0.1005	0.0793	99.67
VLCN	VLCN_286	-82.63880	8.78514	5.71	14.65	-0.04	0.11	0.08	0.39	-0.009	-0.00007920	15.723	21.29	0.1100	0.0800	90.80
VMAR	VMAR_G92	-85.12048	10.81246	-3.13	11.94	1.02	0.13	0.10	0.45	0.014	0.00018200	12.343	345.31	0.1300	0.1000	88.49
VMFM	VMFM_G92	-85.25291	10.70885	-3.22	16.70	-1.63	0.19	0.15	0.66	-0.023	-0.00065550	17.008	349.09	0.1901	0.1499	92.75
VOMA	VOMA_G80	-85.49603	10.95769	-4.68	14.64	6.57	5.08	3.90	20.06	0.113	2.23875600	15.370	342.27	5.1244	3.8414	78.55
VOPI	VOPI_G80	-85.42416	10.99369	-6.55	14.85	0.08	0.66	0.50	2.32	-0.023	-0.00759000	16.230	336.20	0.6602	0.4997	92.34
VPCI	VPCI_G67	-84.23229	10.19048	-0.76	11.41	1.03	0.11	0.08	0.35	-0.003	-0.00002640	11.435	356.19	0.1100	0.0800	90.27
VPCL	VPCL_G67	-84.24788	10.17514	-1.18	11.25	6.45	0.36	0.33	1.90	-0.074	-0.00879120	11.312	354.01	0.3645	0.3251	110.17
VPCR	VPCR_G67	-84.22950	10.20383	1.12	14.92	0.66	0.12	0.09	0.40	-0.023	-0.00024840	14.962	4.29	0.1200	0.0899	92.25
VPEV	VPEV_G67	-84.23657	10.18563	-0.76	11.41	1.03	0.11	0.08	0.35	-0.003	-0.00002640	11.435	356.19	0.1100	0.0800	90.27
VPJA	VPJA_G67	-84.22060	10.16530	-0.89	13.03	0.70	0.10	0.08	0.35	-0.034	-0.00027200	13.060	356.09	0.1001	0.0799	94.30
VPPC	VPPC_GA2	-84.22772	10.19968	1.12	14.92	0.66	0.11	0.09	0.40	-0.026	-0.00025740	14.962	4.29	0.1101	0.0899	93.67
VRAI	VRAI_G67	-83.19064	9.92485	2.43	9.89	-4.12	0.04	0.03	0.16	0.059	0.00007080	10.184	13.80	0.0401	0.0299	84.28
VRBO	VRBO_G80	-85.39457	10.81515	-6.85	16.17	-2.80	1.21	1.01	4.78	0.026	0.03177460	17.561	337.04	1.2109	1.0089	85.93
VRBV	VRBV_G80	-85.40702	10.79808	-7.41	14.10	3.93	0.17	0.15	0.65	-0.076	-0.00193800	15.929	332.28	0.1716	0.1482	105.60
VRCO	VRCO_G80	-85.34666	10.81950	-5.40	13.75	6.23	0.11	0.09	0.46	0.043	0.00042570	14.772	338.56	0.1102	0.0898	83.99
VRFI	VRFI_G80	-85.31423	10.87769	-3.71	16.38	1.50	0.13	0.11	0.52	0.039	0.00055770	16.795	347.24	0.1302	0.1097	83.46
VRGA	VRGA_G80	-85.35925	10.87550	-4.67	12.32	-5.86	4.54	3.65	17.05	-0.033	-0.54684300	13.175	339.24	4.5445	3.6444	94.27
VRNZ	VRNZ_G80	-85.38790	10.85543	-7.77	17.44	8.84	0.34	0.27	1.24	-0.056	-0.00514080	19.093	335.99	0.3409	0.2689	96.77
VTCA	VTCA_G67	-83.77921	10.00406	1.57	13.24	-1.69	0.18	0.14	0.60	0.053	0.00133560	13.333	6.76	0.1804	0.1395	84.11
VTCE	VTCE_G67	-83.75733	10.02524	-8.29	11.02	-19.28	0.06	0.05	0.22	0.014	0.00004200	13.790	323.05	0.0600	0.0500	87.82
VTCI	VTCI_G67	-83.76016	10.01833	-8.29	11.02	-19.28	0.06	0.05	0.22	0.014	0.00004200	13.790	323.05	0.0600	0.0500	87.82
VTFE	VTFE_G67	-83.77161	9.99631	11.95	10.53	12.60	0.85	0.68	3.07	-0.009	-0.00520200	15.927	48.61	0.8501	0.6799	91.15
VTGL	VTGL_G67	-83.73718	9.96291	1.91	14.21	-4.04	0.16	0.13	0.59	-0.043	-0.00089440	14.338	7.66	0.1603	0.1296	95.81
VTGP	VTGP_267	-83.75855	10.01482	-8.29	10.92	-19.29	0.06	0.10	0.23	-0.123	-0.00073800	13.710	322.80	0.1004	0.0593	173.51
VTPC	VTPC_G67	-83.78380	10.02566	7.29	22.23	5.85	4.97	3.93	18.04	0.004	0.07812840	23.395	18.16	4.9701	3.9299	89.52
VTQU	VTQU_G67	-83.76713	10.00387	11.95	10.51	12.60	0.85	0.68	3.07	-0.009	-0.00520200	15.914	48.67	0.8501	0.6799	91.15
VTSY	VTSY_G67	-83.78493	10.01363	0.34	13.60	7.91	3.27	2.76	7.77	-0.006	-0.05415120	13.604	1.43	3.2701	2.7598	91.01
VTTL	VTTL_G67	-83.78891	10.00296	8.35	15.40	14.34	1.11	0.88	4.11	-0.025	-0.02442000	17.518	28.47	1.1106	0.8793	93.05
