# Adjust velocities relative to the CARIB08 plate model
# Velocities are in mm/yr and referenced to ITRF14
# STAT        Lat      Long   Height      Nvel     Evel   Uvel     Nerr     Eerr     Uerr    CorrNE CorrNU CorrEU Sdate       Edate     InstallYear
#           °        °      m          mm/yr    mm/yr    mm/yr    mm/yr    mm/yr     mm/yr                      YEAR-MO-DY   YEAR-MO-DY  YEAR-MO-DY
#--------------------------------------------------------------------------------------------------------------------------------------------------------------
ABEJ   9.7040  -84.0540  1941.764     18.163     1.496     1.402      0.049     0.049     0.070  -0.4454 -0.1461  0.1893    2018-05-31  2025-09-18  2018
AROL  10.4372  -84.7092   754.696      7.439    -7.174    -2.812      0.085     0.133     0.080   0.9376  0.6306  0.4433    2000-02-16  2025-09-11  2000
BIJA   9.7500  -84.5769   555.631      5.906    -7.140     0.053      0.058     0.083     0.038   0.4412 -0.1185 -0.3049    2009-08-21  2025-09-21  2009
BON2   9.7645  -85.2025    28.223     -6.273   -10.618    19.721      0.210     0.089     0.216   0.8835 -0.8929 -0.6297    2004-10-14  2025-09-21  2004
BRBR   9.6200  -82.8179    44.827     10.343     2.400    -3.856      0.040     0.044     0.163   0.1210  0.0579 -0.1078    2021-01-01  2025-09-17  2021
CABA  10.2379  -85.3435    26.914     -6.678   -24.035     0.181      0.449     0.366     0.107   0.9976  0.9133  0.9112    2009-07-04  2025-09-21  2009
CAPO  10.3706  -83.7269    70.314      9.706     2.234    -0.448      0.363     0.341     1.076  -0.3187 -0.7061  0.3028    2021-09-19  2025-05-19  2021
CDME   9.5537  -83.7637  3483.409     18.365     1.479     0.785      0.026     0.077     0.026   0.9297  0.0619  0.0369    2010-05-02  2025-09-21  2010
CDTO   8.5732  -82.8727   100.049     17.673     2.246    -1.027      0.023     0.068     0.033   0.8287  0.2732  0.3879    2008-07-31  2025-09-21  2008
CHLS  11.0313  -84.7101    51.387      9.117    -0.829     1.908      0.047     0.046     0.141   0.1687  0.1851  0.1169    2021-01-01  2025-09-17  2021
CHOM  10.0442  -84.9079    21.865     17.882    -0.419     0.965      0.044     0.040     0.077   0.6954 -0.2099 -0.3897    2018-05-31  2025-09-18  2018
COBB   9.6881  -85.1069   172.468     15.359    -7.394    -6.568      0.086     0.066     0.137   0.8089 -0.1540  0.0341    2013-02-11  2019-09-12  2013
COVE  10.7194  -84.4019    98.979      3.470    -7.807     0.192      0.080     0.142     0.033   0.9819 -0.0136 -0.0023    2010-06-04  2025-07-22  2010
CRU2  11.0540  -85.6334   270.838     15.306    -6.552     2.117      0.024     0.039     0.099   0.2498 -0.0174 -0.2955    2019-06-20  2025-09-11  2019
CTCR   8.8906  -82.7640  1490.678     13.946     4.715     1.050      0.027     0.028     0.112   0.1756 -0.1580 -0.3714    2017-05-30  2025-09-21  2017
EART  10.2126  -83.5943    45.348      9.539     1.059    -1.524      0.018     0.021     0.069  -0.0018  0.2343 -0.0272    2017-11-01  2025-09-21  2017
ELVI  10.3947  -85.4458    81.830     -2.234   -18.727     2.117      0.356     0.222     0.093   0.9830  0.8429  0.7705    2007-04-30  2025-09-21  2007
GRZA   9.9155  -85.6356    39.631    -23.632   -36.763    26.484      0.471     0.381     0.339   0.9966 -0.9961 -0.9965    2006-05-02  2025-09-21  2006
HATI  10.2922  -85.7101    58.630    -18.582   -29.694    10.085      0.247     0.234     0.087   0.9891 -0.9052 -0.9111    2006-06-14  2020-06-24  2006
HORI  10.7137  -85.5954   173.409      5.669   -12.894    -3.958      0.178     0.100     0.107   0.9784  0.9228  0.8828    2008-06-26  2025-09-21  2008
IND1   9.8646  -85.5022    75.032    -33.745   -24.738    34.425      0.413     0.220     0.302   0.9777 -0.9955 -0.9695    2002-07-25  2025-09-21  2002
JACO   9.6624  -84.6595   116.762      8.775    -5.967     7.422      0.074     0.100     0.094   0.8326 -0.4101 -0.4153    2011-02-25  2025-09-21  2011
LAFE   9.8071  -84.9603    65.270      6.831   -12.215     2.124      0.151     0.150     0.055   0.9919 -0.7776 -0.7775    2009-07-06  2025-09-21  2009
LBRA  10.6310  -85.4380   160.254     18.184    -4.768     6.293      0.076     0.082     0.222  -0.0853  0.0662 -0.0260    2022-06-01  2025-09-17  2022
LIMN   9.9931  -83.0264    25.048      7.621     1.368    -2.191      0.026     0.083     0.034   0.9222  0.1488  0.1727    2010-11-26  2025-09-17  2010
LMNL  10.2675  -85.0533   102.947     -2.091   -23.837    -1.646      0.189     0.219     0.060   0.9919  0.8643  0.8364    2007-05-04  2025-09-21  2007
LOL2  10.4901  -84.7137   576.480      2.942    -8.415    -2.533      0.161     0.215     0.064   0.9807  0.5779  0.5133    2009-10-27  2025-09-21  2009
MUEL  10.4748  -84.4637    81.306      2.727    -4.529    -0.501      0.084     0.137     0.038   0.8383  0.3626  0.2498    2011-07-20  2025-09-18  2011
OCHA   9.0975  -83.6456   109.713     26.159     9.317     0.381      0.022     0.023     0.082   0.1774 -0.0802  0.0694    2017-11-09  2025-09-21  2017
OROT   9.9107  -84.5237   245.934     12.895    -2.023     0.168      0.075     0.032     0.080  -0.1573  0.1147  0.2013    2018-05-31  2025-09-18  2018
OVSI  10.0018  -84.1113  1180.678     14.055    -5.740    -0.274      0.016     0.030     0.029   0.1439  0.1323  0.2593    2004-03-09  2025-09-18  2004
PAND   9.7350  -82.9769    47.972      8.534     2.670    -4.898      0.086     0.035     0.102   0.3159 -0.1625 -0.0319    2018-05-31  2024-08-13  2018
PEZE   9.3826  -83.6775   807.520     20.837     4.095     0.087      0.029     0.075     0.043   0.9178  0.0312  0.0460    2010-07-22  2025-09-21  2010
PLAN   8.6720  -83.6805   128.111     33.688    12.677    -6.621      0.088     0.064     0.087   0.7356  0.1734  0.0632    2018-06-15  2025-09-21  2018
PN01   8.9627  -83.4481    48.114     26.905     7.748    -0.365      0.062     0.040     0.067   0.2283  0.0968 -0.0534    2018-05-31  2025-09-18  2018
PNE2  10.1952  -85.8287    19.640      0.023   -26.010     9.076      0.241     0.366     0.209   0.9814 -0.9527 -0.9850    2009-07-12  2025-09-21  2009
POTG   9.0525  -83.1189   652.723     20.139     6.563    -0.691      0.021     0.025     0.075   0.0376  0.0003 -0.1147    2017-11-10  2025-09-21  2017
PUJE  10.1140  -85.2725    29.401     -7.408   -21.587   -43.801      0.176     0.162     0.529   0.9742  0.0771 -0.0454    2002-10-04  2025-09-21  2002
PUMO  10.0645  -84.9667    17.941      2.146   -19.702     0.121      0.136     0.182     0.035   0.9898  0.6705  0.6593    2007-04-25  2025-09-21  2007
PUNT   9.9799  -84.8321    23.656      9.527    -9.679     0.965      0.114     0.201     0.043   0.9813  0.1946  0.1944    2010-11-27  2025-09-17  2010
QPSB   9.3919  -84.1239    56.449     20.227     2.028     0.213      0.027     0.027     0.078  -0.0525  0.1134  0.0934    2018-08-03  2025-09-21  2018
QSEC   9.8404  -85.3573    17.645    -21.594   -20.180    22.620      0.455     0.205     0.315   0.9812 -0.9929 -0.9617    2006-04-28  2025-09-21  2006
RIDC   9.9197  -84.0491  1212.165     13.156    -8.636     1.305      0.034     0.108     0.038   0.8699  0.0246  0.0941    2010-11-27  2025-09-21  2010
RIFO  10.3173  -83.9226   116.257      7.232    -4.003     1.283      0.040     0.110     0.079   0.9326 -0.8007 -0.8453    2010-03-10  2025-09-21  2010
SAJU  10.0671  -85.7106    73.713    -15.390   -38.146    24.866      0.385     0.421     0.363   0.9945 -0.9843 -0.9934    2008-03-29  2025-09-21  2008
SRBA   9.2321  -83.3600   940.003     21.794     7.205    -0.730      0.021     0.022     0.078   0.0055 -0.2111 -0.2053    2017-06-22  2025-09-21  2017
VERA  10.8536  -84.8690    64.313     -1.152   -11.128    -0.004      0.119     0.138     0.029   0.9891  0.2385  0.2146    2009-08-02  2025-08-02  2009
VISP   9.9416  -83.8351  2612.701     16.510     0.716    -2.093      0.059     0.020     0.090   0.6975 -0.8595 -0.5351    2015-10-15  2025-09-21  2015
VRAI   9.9248  -83.1906   438.341     10.214     2.299    -4.168      0.010     0.011     0.039   0.0722  0.2614  0.1600    2012-10-19  2025-09-21  2012
