# STAT     Lat      Long   Height "Npos_fitted" "Epos_fitted" "Upos_fitted"    N_fit_err     E_fit_err     U_fit_err    Sdate       Edate
#           °        °      m          mm/yr    mm/yr    mm/yr    mm/yr    mm/yr     mm/yr                          YEAR-MO-DY  YEAR-MO-DY
#-----------------------------------------------------------------------------------------------------------------------------------------
ABEJ      9.7040  -84.0540  1941.764      0.018     0.002     0.001         nan        nan        nan  2018-05-31  2025-09-18
AROL     10.4372  -84.7092   754.696      0.014     0.000     0.004         nan        nan        nan  2013-01-01  2025-09-11
BIJA      9.7500  -84.5769   555.631      0.007    -0.003    -0.000         nan        nan        nan  2013-01-01  2025-09-21
BON2      9.7645  -85.2025    28.223      0.021    -0.002    -0.009         nan        nan        nan  2013-01-01  2025-09-21
BRBR      9.6200  -82.8179    44.827      0.010     0.003    -0.004         nan        nan        nan  2021-01-01  2025-09-17
CABA     10.2379  -85.3435    26.914      0.019    -0.002     0.006         nan        nan        nan  2013-01-01  2025-09-21
CAPO     10.3706  -83.7269    70.314      0.014     0.007    -0.008         nan        nan        nan  2021-09-19  2025-05-19
CDME      9.5537  -83.7637  3483.409      0.019     0.005     0.001         nan        nan        nan  2013-01-01  2025-09-21
CDTO      8.5732  -82.8727   100.049      0.018     0.005    -0.000         nan        nan        nan  2013-01-01  2025-09-21
CHLS     11.0313  -84.7101    51.387      0.009    -0.001     0.002         nan        nan        nan  2021-01-01  2025-09-17
CHOM     10.0442  -84.9079    21.865      0.018    -0.001     0.001         nan        nan        nan  2018-05-31  2025-09-18
COBB      9.6881  -85.1069   172.468      0.016    -0.007    -0.006         nan        nan        nan  2013-02-11  2019-09-12
COVE     10.7194  -84.4019    98.979      0.007    -0.001     0.000         nan        nan        nan  2013-03-22  2025-07-22
CRU2     11.0540  -85.6334   270.838      0.015    -0.007     0.002         nan        nan        nan  2019-06-20  2025-09-11
CTCR      8.8906  -82.7640  1490.678      0.014     0.005     0.001         nan        nan        nan  2017-05-30  2025-09-21
EART     10.2126  -83.5943    45.348      0.010     0.001    -0.001         nan        nan        nan  2017-11-01  2025-09-21
ELVI     10.3947  -85.4458    81.830      0.019    -0.004     0.006         nan        nan        nan  2013-07-03  2025-09-21
GRZA      9.9155  -85.6356    39.631      0.025     0.005    -0.008         nan        nan        nan  2013-01-01  2025-09-21
HATI     10.2922  -85.7101    58.630      0.013    -0.008     0.000         nan        nan        nan  2014-06-29  2020-06-24
HORI     10.7137  -85.5954   173.409      0.016    -0.007     0.002         nan        nan        nan  2013-01-01  2025-09-21
IND1      9.8646  -85.5022    75.032      0.028     0.002    -0.010         nan        nan        nan  2013-01-01  2025-09-21
JACO      9.6624  -84.6595   116.762      0.011    -0.003     0.006         nan        nan        nan  2013-01-01  2025-09-21
LAFE      9.8071  -84.9603    65.270      0.017    -0.002    -0.000         nan        nan        nan  2013-01-01  2025-09-21
LBRA     10.6310  -85.4380   160.254      0.018    -0.005     0.006         nan        nan        nan  2022-06-01  2025-09-17
LIMN      9.9931  -83.0264    25.048      0.008     0.004    -0.002         nan        nan        nan  2013-01-01  2025-09-17
LMNL     10.2675  -85.0533   102.947      0.016    -0.003     0.004         nan        nan        nan  2013-01-01  2025-09-21
LOL2     10.4901  -84.7137   576.480      0.010     0.001    -0.001         nan        nan        nan  2013-01-02  2025-09-21
MUEL     10.4748  -84.4637    81.306      0.005     0.001    -0.000         nan        nan        nan  2013-01-01  2025-09-18
OCHA      9.0975  -83.6456   109.713      0.026     0.009     0.000         nan        nan        nan  2017-11-09  2025-09-21
OROT      9.9107  -84.5237   245.934      0.013    -0.002     0.000         nan        nan        nan  2018-05-31  2025-09-18
OVSI     10.0018  -84.1113  1180.678      0.014    -0.003    -0.000         nan        nan        nan  2015-09-03  2025-09-18
PAND      9.7350  -82.9769    47.972      0.009     0.003    -0.005         nan        nan        nan  2018-05-31  2024-08-13
PEZE      9.3826  -83.6775   807.520      0.022     0.007     0.000         nan        nan        nan  2014-03-20  2025-09-21
PLAN      8.6720  -83.6805   128.111      0.033     0.013    -0.006         nan        nan        nan  2018-06-15  2025-09-21
PN01      8.9627  -83.4481    48.114      0.027     0.008    -0.000         nan        nan        nan  2018-05-31  2025-09-18
PNE2     10.1952  -85.8287    19.640      0.015    -0.002    -0.004         nan        nan        nan  2013-01-01  2025-09-21
POTG      9.0525  -83.1189   652.723      0.020     0.007    -0.001         nan        nan        nan  2017-11-10  2025-09-21
PUJE     10.1140  -85.2725    29.401      0.020    -0.000     0.002         nan        nan        nan  2014-06-27  2025-09-21
PUMO     10.0645  -84.9667    17.941      0.016    -0.001     0.003         nan        nan        nan  2013-01-01  2025-09-21
PUNT      9.9799  -84.8321    23.656      0.014    -0.002     0.001         nan        nan        nan  2013-01-01  2025-09-17
QPSB      9.3919  -84.1239    56.449      0.020     0.002     0.000         nan        nan        nan  2018-08-03  2025-09-21
QSEC      9.8404  -85.3573    17.645      0.024    -0.000    -0.010         nan        nan        nan  2013-03-08  2025-09-21
RIDC      9.9197  -84.0491  1212.165      0.014    -0.004     0.002         nan        nan        nan  2013-01-01  2025-09-21
RIFO     10.3173  -83.9226   116.257      0.009     0.001    -0.001         nan        nan        nan  2013-03-23  2025-09-21
SAJU     10.0671  -85.7106    73.713      0.020     0.001    -0.008         nan        nan        nan  2013-01-01  2025-09-21
SRBA      9.2321  -83.3600   940.003      0.022     0.007    -0.001         nan        nan        nan  2017-06-22  2025-09-21
VERA     10.8536  -84.8690    64.313      0.007    -0.002     0.001         nan        nan        nan  2013-01-01  2025-08-02
VISP      9.9416  -83.8351  2612.701      0.017     0.001    -0.002         nan        nan        nan  2015-10-15  2025-09-21
VRAI      9.9248  -83.1906   438.341      0.010     0.002    -0.004         nan        nan        nan  2013-01-01  2025-09-21
